1     J0002+6216     0.115364  5.97e-15
2     J0006+1834     0.693748  2.10e-15
3     J0007+7303     0.315873  3.60e-13
4     J0014+4746     1.240699  5.64e-16
5     J0021-0909     2.314131  1.04e-15
6     J0023+0923     0.003050  1.14e-20
7     J0024-7204ab   0.003705  9.82e-21
8     J0024-7204E    0.003536  9.85e-20
9     J0024-7204F    0.002624  6.45e-20
10    J0024-7204O    0.002643  3.03e-20
11    J0024-7204P    0.003643  6.64e-19
12    J0024-7204Q    0.004033  3.40e-20
13    J0024-7204R    0.003480  1.48e-19
14    J0024-7204T    0.007588  2.94e-19
15    J0024-7204U    0.004343  9.52e-20
16    J0024-7204X    0.004772  1.84e-20
17    J0026+6320     0.318358  1.51e-16
18    J0030+0451     0.004865  1.02e-20
19    J0034-0534     0.001877  4.97e-21
20    J0034-0721     0.942951  4.08e-16
21    J0038-2501     0.256926  7.60e-19
22    J0040+5716     1.118225  2.88e-15
23    J0045-7042     0.632336  2.49e-15
24    J0045-7319     0.926276  4.46e-15
25    J0048+3412     1.217094  2.35e-15
26    J0051+0423     0.354732  7.00e-18
27    J0054+6946     0.832911  7.19e-16
28    J0055+5117     2.115171  9.54e-15
29    J0056+4756     0.472037  3.33e-15
30    J0057-7201     0.738062  1.00e-16
31    J0058+4950     0.996023  8.04e-16
32    J0100-7211     8.020392  1.88e-11
33    J0100+8023     1.493601  3.54e-16
34    J0101-6422     0.002573  5.16e-21
35    J0102+6537     1.679164  5.95e-15
36    J0106+4855     0.083157  4.28e-16
37    J0107+1322     1.197383  6.87e-16
38    J0108-1431     0.807565  7.70e-17
39    J0108+6608     1.283660  1.31e-14
40    J0108+6905     1.071118  4.81e-17
41    J0111+6624     4.301872  8.36e-15
42    J0111-7131     0.688542  7.09e-15
43    J0113-7220     0.325883  4.86e-15
44    J0115+6325     0.521455  1.60e-15
45    J0117+5914     0.101439  5.85e-15
46    J0122+1416     1.388994  3.80e-15
47    J0131-7310     0.348124  1.76e-15
48    J0133-6957     0.463474  1.20e-16
49    J0134-2937     0.136962  7.84e-17
50    J0137+1654     0.414763  1.22e-17
51    J0137+6349     0.717963  9.60e-16
52    J0139+3336     1.247961  2.06e-15
53    J0139+5621     1.775344  7.91e-14
54    J0139+5814     0.272451  1.07e-14
55    J0141+6009     1.222949  3.91e-16
56    J0146+6145     8.688994  1.99e-12
57    J0147+5922     0.196321  2.57e-16
58    J0151-0635     1.464665  4.43e-16
59    J0152+0948     2.746647  1.70e-15
60    J0152-1637     0.832742  1.30e-15
61    J0154+1833     0.002365  2.92e-21
62    J0156+3949     1.811561  1.52e-16
63    J0157+6212     2.351745  1.89e-13
64    J0201+7005     1.349184  5.51e-15
65    J0205+6449     0.065716  1.94e-13
66    J0206-4028     0.630551  1.20e-15
67    J0209+5759     1.063906  1.39e-14
68    J0210+5845     1.766208  1.34e-13
69    J0211-8159     1.077333  2.90e-16
70    J0212+5222     0.376386  6.60e-15
71    J0214+5222     0.024575  2.99e-19
72    J0215+6218     0.548880  6.62e-16
73    J0218+4232     0.002323  7.74e-20
74    J0231+7026     1.466820  3.11e-15
75    J0248+4230     0.002601  1.69e-20
76    J0248+6021     0.217094  5.51e-14
77    J0250+5854    23.535378  2.72e-14
78    J0251+2606     0.002542  7.57e-21
79    J0255-5304     0.447708  3.13e-17
80    J0302+2252     1.207165  8.25e-17
81    J0304+1932     1.387584  1.30e-15
82    J0312-0921     0.003704  1.97e-20
83    J0323+3944     3.032072  6.36e-16
84    J0324+5239     0.336620  3.81e-16
85    J0325+6744     1.364679  1.55e-15
86    J0329+1654     0.893320  2.15e-16
87    J0332+5434     0.714520  2.05e-15
88    J0335+4555     0.269201  7.35e-18
89    J0335+6623     1.761934  4.81e-15
90    J0337+1715     0.002733  1.77e-20
91    J0340+4130     0.003299  7.05e-21
92    J0343-3000     2.597027  5.70e-17
93    J0343+5312     1.934478  1.34e-14
94    J0344-0901     1.226006  3.47e-15
95    J0348+0432     0.039123  2.41e-19
96    J0349+2340     2.420771  1.10e-15
97    J0357+3205     0.444104  1.30e-14
98    J0357+5236     0.197030  4.77e-16
99    J0358+4155     0.226484  1.46e-16
100   J0358+5413     0.156384  4.39e-15
101   J0358+6627     0.091506  1.09e-17
102   J0359+5414     0.079427  1.67e-14
103   J0401-7608     0.545254  1.54e-15
104   J0406+6138     0.594576  5.57e-15
105   J0407+1607     0.025702  7.90e-20
106   J0415+6954     0.390715  7.66e-17
107   J0418-4154     0.757119  1.32e-15
108   J0418+5732     9.078388  4.10e-15
109   J0420-5022     3.453004  2.76e-14
110   J0421-0345     2.161308  1.16e-15
111   J0421+3255     0.900105  6.00e-17
112   J0426+4933     0.922475  3.93e-14
113   J0435+2749     0.326279  8.17e-18
114   J0437-4715     0.005757  5.73e-20
115   J0448-2749     0.450448  1.48e-16
116   J0449-7031     0.479164  3.37e-15
117   J0450-1248     0.438014  1.03e-16
118   J0452-1759     0.548939  5.75e-15
119   J0453+1559     0.045782  1.86e-19
120   J0454+4529     1.389137  4.89e-15
121   J0454+5543     0.340729  2.37e-15
122   J0455-6951     0.320423  1.02e-14
123   J0456-7031     0.800132  3.67e-14
124   J0457-6337     2.497012  2.10e-16
125   J0458-0505     1.883480  5.30e-16
126   J0459-0210     1.133076  1.40e-15
127   J0501+4516     5.762097  5.82e-12
128   J0502+4654     0.638565  5.58e-15
129   J0502-6617     0.691251  2.31e-14
130   J0509+0856     0.004056  4.41e-21
131   J0509+3801     0.076541  7.93e-18
132   J0511-6508     0.322062  2.06e-16
133   J0514-4002A    0.004991  6.97e-22
134   J0514-4408     0.320271  2.04e-15
135   J0517+2212     0.222367  1.16e-17
136   J0518+5125     0.912512  1.91e-16
137   J0518+5416     0.340203  1.68e-15
138   J0519-6932     0.263212  6.97e-16
139   J0520-2553     0.241642  3.01e-17
140   J0522-6847     0.674532  1.77e-14
141   J0525+1115     0.354438  7.36e-17
142   J0525-6607     8.047000  6.50e-11
143   J0528+2200     3.745539  4.01e-14
144   J0529-0715     0.689224  5.75e-16
145   J0529-6652     0.975737  1.55e-14
146   J0532-6639     0.642743  5.35e-15
147   J0533+0402     0.963018  1.60e-16
148   J0533-4524     0.157285  2.80e-16
149   J0533+6759     0.004388  1.26e-20
150   J0534+2200     0.033392  4.21e-13
151   J0534-6703     1.817565  4.25e-13
152   J0535-6935     0.200511  1.15e-14
153   J0536-7543     1.245856  5.78e-16
154   J0537-6910     0.016122  5.18e-14
155   J0538+2817     0.143158  3.67e-15
156   J0540+3207     0.524271  4.48e-16
157   J0540-6919     0.050570  4.79e-13
158   J0540-7125     1.286015  8.20e-16
159   J0543+2329     0.245975  1.54e-14
160   J0543-6851     0.708954  3.94e-15
161   J0546+2441     2.843850  7.65e-15
162   J0554+3107     0.464961  1.43e-13
163   J0555-7056     0.827838  5.96e-15
164   J0557+1550     0.002556  7.35e-21
165   J0557-2948     0.043643  7.30e-20
166   J0600-5756     2.261365  2.78e-15
167   J0601-0527     0.395969  1.30e-15
168   J0605+3757     0.002728  4.80e-21
169   J0609+2130     0.055698  2.35e-19
170   J0610-2100     0.003861  1.24e-20
171   J0611+1436     0.270329  4.00e-15
172   J0612+3721     0.297982  5.95e-17
173   J0612+37216    0.443871  1.50e-16
174   J0613-0200     0.003062  9.59e-21
175   J0613+3731     0.619198  3.24e-15
176   J0614+2229     0.334960  5.94e-14
177   J0614-3329     0.003149  1.75e-20
178   J0621+0336     0.269954  7.24e-18
179   J0621+1002     0.028854  4.73e-20
180   J0621+2514     0.002722  2.48e-20
181   J0622+3749     0.333208  2.54e-14
182   J0623+0340     0.613760  8.84e-17
183   J0624-0424     1.039076  8.30e-16
184   J0627+0649     0.346523  1.70e-15
185   J0627+0706     0.475885  2.98e-14
186   J0628+0909     1.241421  5.48e-16
187   J0629+2415     0.476623  2.00e-15
188   J0630-0046     0.680575  3.75e-15
189   J0630-2834     1.244419  7.12e-15
190   J0631+0646     0.110979  3.62e-15
191   J0631+1036     0.287800  1.05e-13
192   J0633+0632     0.297395  7.96e-14
193   J0633+1746     0.237099  1.10e-14
194   J0633-2015     3.253211  3.82e-15
195   J0636-4549     1.984597  3.17e-15
196   J0636+5129     0.002869  3.45e-21
197   J0645+5158     0.008853  4.92e-21
198   J0646+0905     0.903913  7.36e-16
199   J0647+0913     1.234854  6.42e-15
200   J0652-0142     0.924054  1.52e-16
201   J0653+8051     1.214441  3.80e-15
202   J0656-2228     1.224754  2.67e-17
203   J0656-5449     0.183157  3.19e-17
204   J0658+0022     0.563295  9.15e-15
205   J0659+1414     0.384929  5.49e-14
206   J0700+6418     0.195671  6.85e-19
207   J0709+0458     0.034429  3.80e-19
208   J0709-5923     0.485268  1.26e-16
209   J0711+0931     1.214090  4.00e-16
210   J0711-6830     0.005491  1.49e-20
211   J0719-2545     0.974725  7.28e-15
212   J0720-3125     8.391116  6.98e-14
213   J0721-2038     0.015542  4.40e-20
214   J0725-1635     0.424311  9.26e-17
215   J0726-2612     3.442308  2.93e-13
216   J0729-1448     0.251659  1.13e-13
217   J0729-1836     0.510160  1.90e-14
218   J0732+2314     0.004090  6.02e-21
219   J0733-2345     1.796250  5.70e-15
220   J0734-1559     0.156250  1.22e-14
221   J0736-6304     4.862874  1.52e-13
222   J0737-2202     0.320366  5.47e-15
223   J0737-3039A    0.022699  1.76e-18
224   J0737-3039B    2.773461  8.92e-16
225   J0738-4042     0.374921  1.38e-15
226   J0738+6904     6.827693  2.70e-14
227   J0740+6620     0.002886  1.22e-20
228   J0742-2822     0.166762  1.68e-14
229   J0742+4334     0.606191  3.71e-16
230   J0744-2525     0.091996  9.56e-16
231   J0745-5353     0.214839  2.19e-15
232   J0746-4529     2.791025  1.67e-14
233   J0747+6646     0.407701  6.78e-16
234   J0749-4247     1.095452  9.77e-16
235   J0750-6846     0.915216  1.10e-16
236   J0751+1807     0.003479  7.79e-21
237   J0754+3231     1.442349  1.08e-15
238   J0758-1528     0.682265  1.62e-15
239   J0802-5613     0.273973  2.76e-15
240   J0803-0942     0.571257  1.16e-15
241   J0804-3647     2.191987  4.21e-15
242   J0806-4123    11.370386  5.56e-14
243   J0807-5421     0.526644  3.78e-16
244   J0808-3937     0.866349  4.01e-16
245   J0809-4753     0.547202  3.08e-15
246   J0812-3905     0.482596  4.49e-17
247   J0814+7429     1.292241  1.68e-16
248   J0815+0939     0.645161  1.39e-16
249   J0815+4611     0.434242  3.90e-18
250   J0818-3049     0.763742  5.80e-16
251   J0818-3232     2.161259  7.53e-16
252   J0820-1350     1.238130  2.11e-15
253   J0820-3826     0.124837  2.44e-15
254   J0820-3921     1.073567  1.22e-14
255   J0820-4114     0.545446  1.98e-17
256   J0821-4221     0.396728  3.48e-15
257   J0821-4300     0.112799  9.28e-18
258   J0823+0159     0.864873  1.05e-16
259   J0824+0028     0.009861  1.47e-19
260   J0826+2637     0.530661  1.71e-15
261   J0828-3417     1.848919  9.96e-16
262   J0831-4406     0.311674  1.28e-15
263   J0834-4159     0.121118  4.28e-15
264   J0835-3707     0.541404  9.78e-15
265   J0835-4510     0.089328  1.25e-13
266   J0836-4233     0.738436  1.32e-15
267   J0837+0610     1.273768  6.80e-15
268   J0837-4135     0.751625  3.54e-15
269   J0838-2621     0.308581  3.90e-17
270   J0838-3947     1.703946  8.13e-16
271   J0840-5332     0.720614  1.64e-15
272   J0842-4851     0.644354  9.56e-15
273   J0843-5022     0.208956  1.72e-16
274   J0846-3533     1.116098  1.60e-15
275   J0847-4316     5.977493  1.20e-13
276   J0849-6322     0.367953  7.91e-16
277   J0849+8028     1.602228  4.46e-16
278   J0854+5449     1.233033  3.12e-16
279   J0855-3331     1.267536  6.32e-15
280   J0855-4644     0.064686  7.26e-15
281   J0855-4658     0.575072  1.36e-14
282   J0856-6137     0.962511  1.68e-15
283   J0857+3349     0.242961  2.40e-16
284   J0857-4424     0.326786  2.09e-14
285   J0900-3144     0.011110  4.89e-20
286   J0901-4624     0.441995  8.75e-14
287   J0902-6325     0.660313  1.07e-16
288   J0904-4246     0.965173  1.88e-15
289   J0904-7459     0.549554  4.61e-16
290   J0905-4536     0.988281  1.49e-16
291   J0905-5127     0.346301  2.49e-14
292   J0905-6019     0.340854  5.22e-16
293   J0907-5157     0.253558  1.83e-15
294   J0908-1739     0.401626  6.69e-16
295   J0908-4913     0.106769  1.51e-14
296   J0909-7212     1.362890  3.27e-16
297   J0912-3851     1.526085  3.59e-15
298   J0919-6040     1.216976  1.00e-17
299   J0921+6254     1.567994  3.61e-15
300   J0922+0638     0.430627  1.37e-14
301   J0922-4949     0.950289  9.76e-14
302   J0924-5302     0.746338  3.53e-14
303   J0924-5814     0.739505  4.92e-15
304   J0927+2345     0.761889  3.05e-16
305   J0930-2301     1.807069  3.36e-15
306   J0931-1902     0.004638  3.63e-21
307   J0932-3217     1.931627  2.50e-16
308   J0932-5327     4.392159  8.37e-15
309   J0934-4154     0.570409  2.69e-16
310   J0934-5249     1.444777  4.65e-15
311   J0940-5428     0.087545  3.29e-14
312   J0941-5244     0.658558  1.14e-15
313   J0942-5552     0.664389  2.27e-14
314   J0942-5657     0.808164  3.96e-14
315   J0943+1631     1.087418  9.11e-17
316   J0943+2253     0.532975  8.98e-17
317   J0944-1354     0.570264  4.53e-17
318   J0944+4106     2.229431  4.42e-15
319   J0945-4833     0.331586  4.83e-15
320   J0946+0951     1.097706  3.49e-15
321   J0947+2740     0.851014  4.30e-16
322   J0949-6902     0.640016  6.37e-16
323   J0952-0607     0.001414  4.77e-21
324   J0952-3839     1.373815  5.80e-16
325   J0953+0755     0.253065  2.30e-16
326   J0954-5430     0.472851  4.39e-14
327   J0955-5304     0.862122  3.53e-15
328   J0955-6150     0.001999  1.43e-20
329   J0957-5432     0.203557  1.95e-15
330   J0959-4809     0.670086  8.47e-17
331   J1000-5149     0.255677  9.59e-16
332   J1001-5507     1.436631  5.16e-14
333   J1001-5559     1.661177  8.60e-16
334   J1001-5939     7.733640  5.99e-14
335   J1002-5559     0.777501  1.57e-15
336   J1002-5919     0.713489  1.04e-16
337   J1003-4747     0.307074  2.07e-15
338   J1006-6311     0.835797  5.73e-16
339   J1012-2337     2.517945  8.81e-16
340   J1012+5307     0.005256  1.71e-20
341   J1012-5830     2.133591  3.77e-14
342   J1012-5857     0.819926  1.78e-14
343   J1013-5934     0.442901  5.56e-16
344   J1015-5719     0.139882  5.74e-14
345   J1016-5345     0.769586  1.93e-15
346   J1016-5819     0.087834  6.99e-16
347   J1016-5857     0.107386  8.08e-14
348   J1017+3011     0.452785  5.70e-16
349   J1017-5621     0.503463  3.14e-15
350   J1017-7156     0.002339  2.22e-21
351   J1018-1642     1.804695  1.74e-15
352   J1019-5749     0.162499  2.01e-14
353   J1020-5921     1.238305  4.05e-14
354   J1020-6026     0.140481  6.74e-15
355   J1021-5601     0.670026  5.34e-17
356   J1022+1001     0.016453  4.33e-20
357   J1022-5813     1.643726  1.45e-13
358   J1023+0038     0.001688  6.93e-21
359   J1023-5746     0.111472  3.84e-13
360   J1024-0719     0.005162  1.86e-20
361   J1028-5819     0.091403  1.61e-14
362   J1031-6117     0.306411  1.78e-15
363   J1032-5206     2.407622  1.79e-14
364   J1032-5911     0.464213  1.80e-15
365   J1034-3224     1.150590  2.30e-16
366   J1035-6345     0.579577  3.50e-16
367   J1035-6720     0.002872  4.65e-20
368   J1036-4926     0.510369  1.65e-15
369   J1036-6559     0.533502  1.36e-15
370   J1038+0032     0.028852  6.70e-20
371   J1038-5831     0.661992  1.25e-15
372   J1041-1942     1.386368  9.45e-16
373   J1042-5521     1.170867  6.72e-15
374   J1043-6116     0.288605  1.04e-14
375   J1044-5737     0.139029  5.46e-14
376   J1045-4509     0.007474  1.77e-20
377   J1046+0304     0.326271  1.24e-16
378   J1046-5813     0.369428  1.15e-15
379   J1047-3032     0.330328  6.10e-17
380   J1047-6709     0.198451  1.69e-15
381   J1048+2339     0.004665  3.01e-20
382   J1048-5832     0.123725  9.61e-14
383   J1048-5838     1.231305  1.22e-14
384   J1049-5833     2.202325  4.41e-15
385   J1050-5953     6.452077  3.81e-11
386   J1052-5954     0.180592  2.00e-14
387   J1052-6348     0.383830  3.87e-16
388   J1054-5943     0.346909  4.07e-15
389   J1054-5946     0.228324  2.09e-16
390   J1054-6452     1.840004  3.14e-15
391   J1055-6022     0.947558  9.24e-14
392   J1055-6028     0.099661  2.95e-14
393   J1055-6236     0.448635  7.08e-16
394   J1055-6905     2.919397  2.03e-14
395   J1056-5709     0.676082  5.76e-16
396   J1056-6258     0.422451  3.58e-15
397   J1056-7117     0.026310  6.30e-20
398   J1057-4754     0.628306  2.25e-16
399   J1057-5226     0.197115  5.84e-15
400   J1057-5851     0.620365  1.01e-13
401   J1057-7914     1.347404  1.33e-15
402   J1058-5957     0.616270  6.57e-16
403   J1059-5742     1.185003  4.31e-15
404   J1059+6459     3.631170  5.74e-15
405   J1101-6101     0.062800  8.56e-15
406   J1101-6424     0.005109  1.80e-21
407   J1103-5403     0.003393  3.68e-21
408   J1103-6025     0.396587  9.90e-16
409   J1104-6103     0.280905  1.97e-15
410   J1105-4353     0.351112  2.50e-15
411   J1105-6037     0.194938  2.18e-14
412   J1105-6107     0.063202  1.58e-14
413   J1106-6438     2.717934  2.33e-15
414   J1107-5907     0.252773  9.01e-18
415   J1107-5947     1.516531  3.40e-16
416   J1107-6143     1.799396  1.56e-13
417   J1110-5637     0.558254  2.06e-15
418   J1111-6039     0.106670  1.95e-13
419   J1112-6103     0.064962  3.15e-14
420   J1112-6613     0.334214  8.25e-16
421   J1112-6926     0.820488  2.82e-15
422   J1114-6100     0.880858  4.60e-14
423   J1115-0956     1.310894  3.47e-17
424   J1115+5030     1.656440  2.49e-15
425   J1115-6052     0.259779  7.23e-15
426   J1116-2444     0.867949  9.85e-16
427   J1116-4122     0.943158  7.95e-15
428   J1117-6154     0.505097  1.25e-14
429   J1117-6447     1.155272  2.40e-16
430   J1119-6127     0.407963  4.02e-12
431   J1119-7936     2.280597  3.67e-15
432   J1121-5444     0.535787  2.78e-15
433   J1123-4844     0.244838  6.54e-17
434   J1123-6102     0.640234  6.46e-15
435   J1123-6259     0.271437  5.25e-15
436   J1123-6651     0.232976  2.75e-15
437   J1124-5638     0.185560  9.00e-18
438   J1124-5916     0.135477  7.53e-13
439   J1124-6421     0.479099  6.20e-16
440   J1125-5825     0.003102  6.09e-20
441   J1125-6014     0.002630  4.01e-21
442   J1125+7819     0.004202  6.94e-21
443   J1126-6054     0.202737  2.81e-16
444   J1126-6942     0.579419  3.29e-15
445   J1128-6219     0.515984  1.10e-17
446   J1130-5826     0.162323  1.59e-17
447   J1130-5925     0.680984  9.52e-16
448   J1130-6807     0.256353  4.60e-16
449   J1132-4700     0.325633  7.77e-16
450   J1132-5627     0.175166  6.80e-17
451   J1133-6250     1.022875  4.52e-16
452   J1135-6055     0.114943  7.93e-14
453   J1136+1551     1.187913  3.73e-15
454   J1136-5525     0.364713  8.23e-15
455   J1136-6527     1.189309  1.75e-15
456   J1137-6700     0.556216  7.17e-17
457   J1137+7528     0.002513  3.24e-21
458   J1138-6207     0.117564  1.25e-14
459   J1139-6247     0.120482  4.05e-15
460   J1141-3107     0.538432  1.96e-15
461   J1141-3322     0.291468  4.65e-16
462   J1141-6545     0.393899  4.31e-15
463   J1142+0119     0.005075  1.50e-20
464   J1142-6230     0.558383  7.79e-17
465   J1143-5158     0.675646  6.95e-16
466   J1143-5536     0.685358  4.85e-16
467   J1144-6217     0.850665  3.08e-14
468   J1146-6030     0.273375  1.79e-15
469   J1148-5725     3.559937  1.11e-14
470   J1148-6415     3.241029  2.70e-15
471   J1151-6108     0.101633  1.03e-14
472   J1152-5800     1.789829  1.28e-15
473   J1152-6012     0.376570  6.69e-15
474   J1154-6250     0.282012  5.59e-16
475   J1156-5707     0.288417  2.65e-14
476   J1156-5909     1.037931  1.02e-15
477   J1157-5112     0.043589  1.43e-19
478   J1157-6224     0.400526  3.93e-15
479   J1159-6409     0.667486  2.40e-17
480   J1159-7910     0.525074  2.82e-15
481   J1201-6306     0.592136  3.56e-15
482   J1202-5820     0.452803  2.13e-15
483   J1203-6242     0.100604  4.41e-14
484   J1204-6843     0.308861  2.17e-16
485   J1207-4508     1.769828  1.56e-15
486   J1207-5050     0.004843  6.06e-21
487   J1208-6238     0.440591  3.27e-12
488   J1210-5226     0.424131  2.22e-17
489   J1210-5559     0.279768  7.25e-16
490   J1210-6322     1.163186  9.25e-15
491   J1210-6550     4.237010  4.31e-16
492   J1211-6324     0.433084  2.57e-16
493   J1214-5830     0.909823  5.34e-17
494   J1215-5328     0.636414  1.15e-16
495   J1216-6223     0.374053  1.68e-14
496   J1216-6410     0.003539  1.62e-21
497   J1220-6318     0.789212  8.03e-17
498   J1221-0633     0.001930  1.09e-20
499   J1222-5738     1.081164  1.50e-16
500   J1223-5856     0.288541  5.70e-18
501   J1224-6208     0.585761  2.02e-14
502   J1224-6407     0.216480  4.95e-15
503   J1225-5556     1.018453  2.06e-15
504   J1225-6035     0.626324  2.88e-16
505   J1225-6408     0.419618  9.46e-16
506   J1226+0005     2.285076  2.47e-15
507   J1226-3223     6.193004  7.05e-15
508   J1227-4853     0.001686  1.11e-20
509   J1227-6208     0.034528  1.87e-19
510   J1231-1411     0.003684  2.28e-20
511   J1231-4609     0.877239  3.80e-17
512   J1231-5113     0.206612  1.17e-16
513   J1231-6303     1.351236  1.32e-16
514   J1231-6511     0.247525  2.84e-14
515   J1232-4742     1.872994  1.40e-17
516   J1232-6501     0.088282  8.11e-19
517   J1233-6312     0.564759  6.92e-15
518   J1233-6344     0.756892  3.88e-15
519   J1234-3630     0.569242  8.66e-16
520   J1235-6354     0.256778  1.97e-16
521   J1236-0159     3.597574  5.10e-15
522   J1236-5033     0.294760  1.56e-16
523   J1237-6725     2.110974  2.19e-15
524   J1238+2152     1.118591  1.45e-15
525   J1239+2453     1.382449  9.60e-16
526   J1239-6832     1.301923  1.19e-14
527   J1240-4124     0.512242  1.74e-15
528   J1243-5735     0.471225  8.00e-17
529   J1243-6423     0.388485  4.49e-15
530   J1244-1812     3.425324  1.48e-15
531   J1244-5053     0.275207  1.00e-15
532   J1244-6359     0.147274  4.40e-18
533   J1244-6531     1.546819  7.18e-15
534   J1245-6238     2.283093  1.09e-14
535   J1246+2253     0.473871  8.89e-17
536   J1248-6344     0.198335  1.69e-14
537   J1248-6444     1.234893  1.93e-15
538   J1249-6507     0.434445  1.21e-17
539   J1251-7407     0.327058  3.65e-16
540   J1252-6314     0.823339  1.08e-16
541   J1253-5820     0.255496  2.10e-15
542   J1254-6150     0.184502  6.24e-16
543   J1255-6131     0.657974  4.00e-15
544   J1257-1027     0.617308  3.63e-16
545   J1259-6741     0.663330  8.55e-16
546   J1300+1240     0.006219  1.14e-19
547   J1300-6602     1.143316  3.35e-16
548   J1301-6305     0.184528  2.67e-13
549   J1301-6310     0.663830  5.64e-14
550   J1302-3258     0.003770  6.55e-21
551   J1302-6313     0.967846  6.33e-15
552   J1302-6350     0.047763  2.28e-15
553   J1303-6305     2.306642  2.18e-15
554   J1305-6203     0.427774  3.22e-14
555   J1305-6256     0.478231  2.11e-15
556   J1305-6455     0.571652  4.03e-15
557   J1306-6242     0.981902  5.86e-15
558   J1306-6617     0.473028  5.98e-15
559   J1307-6318     4.962427  2.11e-14
560   J1308+2127    10.312522  1.12e-13
561   J1308-4650     1.058833  5.26e-16
562   J1308-5844     0.464700  8.64e-15
563   J1309-6415     0.619454  8.79e-15
564   J1309-6526     0.398292  1.84e-17
565   J1311-1228     0.447518  1.51e-16
566   J1311-3430     0.002560  2.10e-20
567   J1312+0051     0.004228  1.75e-20
568   J1312-5402     0.728154  1.47e-16
569   J1312-5516     0.849243  5.70e-15
570   J1312-6400     2.437432  6.83e-16
571   J1313+0931     0.848933  8.00e-16
572   J1314-6101     2.948390  1.17e-14
573   J1316-6232     0.342825  5.30e-15
574   J1317-5759     2.642199  1.26e-14
575   J1317-6302     0.261271  1.02e-16
576   J1319-6056     0.284353  1.53e-15
577   J1319-6105     0.421118  1.50e-15
578   J1320-3512     0.458488  1.90e-18
579   J1320-5359     0.279738  9.25e-15
580   J1321-5922     1.279058  2.37e-15
581   J1321+8323     0.670037  5.66e-16
582   J1322-6241     0.506058  2.59e-15
583   J1322-6329     2.764209  1.11e-14
584   J1324-6146     0.844109  5.58e-15
585   J1324-6302     2.483804  9.79e-16
586   J1326-4728A    0.004109  2.70e-20
587   J1326-4728B    0.004792  2.76e-20
588   J1326-5859     0.477994  3.24e-15
589   J1326-6408     0.792674  3.09e-15
590   J1326-6700     0.543015  5.33e-15
591   J1327-0755     0.002678  1.77e-21
592   J1327-6222     0.529929  1.88e-14
593   J1327-6301     0.196480  1.53e-15
594   J1327-6400     0.280678  3.12e-14
595   J1328-4357     0.532699  3.01e-15
596   J1328-4921     1.478721  6.10e-16
597   J1329-6158     1.565218  3.39e-14
598   J1331-5245     0.648117  5.10e-16
599   J1332-3032     0.650434  5.60e-16
600   J1333-4449     0.345603  5.40e-19
601   J1334-5839     0.107718  2.16e-17
602   J1335-5656     0.003238  1.21e-20
603   J1336-2522     0.478145  3.31e-16
604   J1337-4441     1.257511  3.03e-16
605   J1337-6306     0.207953  3.56e-16
606   J1337-6423     0.009423  2.47e-20
607   J1338-6204     1.239001  1.38e-14
608   J1339-4712     0.137055  5.30e-19
609   J1339-6618     0.558179  3.50e-16
610   J1340-6456     0.378622  5.05e-15
611   J1341-6023     0.627285  1.95e-14
612   J1341-6220     0.193340  2.53e-13
613   J1342+2822B    0.002389  1.86e-20
614   J1343+6634     1.394104  1.09e-15
615   J1344-5855     0.252398  2.91e-15
616   J1344-6059     0.540102  4.30e-17
617   J1345-6115     1.253085  3.25e-15
618   J1346-4918     0.299625  3.50e-17
619   J1347-5947     0.609962  1.42e-14
620   J1348-6307     0.927772  3.79e-15
621   J1349-6130     0.259365  5.12e-15
622   J1350-5115     0.295700  7.58e-16
623   J1350-6225     0.138158  8.88e-15
624   J1352-6803     0.628903  1.23e-15
625   J1354-6249     2.951938  1.48e-14
626   J1355-5153     0.644305  2.81e-15
627   J1355-5747     2.038674  7.15e-16
628   J1355-5925     1.213381  5.99e-15
629   J1355-6206     0.276603  3.10e-18
630   J1356-5521     0.507380  7.24e-16
631   J1357-6429     0.166108  3.60e-13
632   J1358-6025     0.060533  3.02e-15
633   J1359-6038     0.127508  6.33e-15
634   J1400-1431     0.003084  7.23e-21
635   J1400-6325     0.031182  3.89e-14
636   J1401-6357     0.842805  1.68e-14
637   J1402+13       0.005890  4.83e-17
638   J1402-5021     1.380182  5.41e-15
639   J1403-6310     0.399170  9.00e-17
640   J1403-7646     1.306198  1.20e-15
641   J1404+1159     2.650439  1.38e-15
642   J1405-4656     0.007602  2.79e-20
643   J1405-5641     0.617575  1.20e-15
644   J1406-4233     2.436795  6.81e-16
645   J1406-5806     0.288349  6.11e-16
646   J1406-6121     0.213075  5.47e-14
647   J1407-6048     0.492344  3.16e-15
648   J1407-6153     0.701615  8.85e-15
649   J1409-6953     0.528591  8.40e-16
650   J1410-6132     0.050052  3.20e-14
651   J1410-7404     0.278729  6.74e-18
652   J1411+2551     0.062453  9.56e-20
653   J1412-6111     0.529156  1.91e-15
654   J1412-6145     0.315258  9.90e-14
655   J1412+7922     0.058199  3.29e-15
656   J1413-6141     0.285625  3.33e-13
657   J1413-6205     0.109741  2.77e-14
658   J1413-6222     0.292408  2.23e-15
659   J1413-6307     0.394946  7.43e-15
660   J1414-6802     4.630188  6.39e-15
661   J1415-6621     0.392479  5.80e-16
662   J1416-5033     0.794883  1.20e-16
663   J1416-6037     0.295580  4.28e-15
664   J1418-3921     1.096806  8.89e-16
665   J1418-5945     1.672596  2.71e-16
666   J1418-6058     0.110573  1.69e-13
667   J1420-5416     0.935772  2.32e-16
668   J1420-5625     0.034117  6.75e-20
669   J1420-6048     0.068180  8.32e-14
670   J1421-4409     0.006386  1.24e-20
671   J1422-6138     0.340968  9.68e-14
672   J1423-6953     0.333411  1.45e-15
673   J1424-5556     0.770375  7.80e-16
674   J1424-5822     0.366736  3.94e-15
675   J1424-6438     1.023504  2.40e-16
676   J1425-5723     0.353263  2.20e-17
677   J1425-5759     0.707868  7.42e-16
678   J1425-6210     0.501730  4.78e-16
679   J1427-4158     0.586486  6.21e-16
680   J1428-5530     0.570292  2.09e-15
681   J1429-5911     0.115843  3.05e-14
682   J1429-5935     0.763915  4.28e-14
683   J1430-5712     0.491519  4.69e-14
684   J1430-6623     0.785443  2.78e-15
685   J1431-4715     0.002012  1.41e-20
686   J1431-5740     0.004111  6.42e-21
687   J1432-5032     2.034989  5.92e-15
688   J1433-6038     1.954430  5.63e-15
689   J1434-5943     1.072121  2.96e-17
690   J1434-6006     0.306368  3.02e-15
691   J1434-6029     0.963348  1.03e-15
692   J1434+7257     0.041741  5.50e-19
693   J1435-5954     0.472996  1.55e-15
694   J1435-6100     0.009348  2.45e-20
695   J1437-5959     0.061696  8.59e-15
696   J1437-6146     0.467616  6.33e-15
697   J1439-5501     0.028635  1.42e-19
698   J1440-6344     0.459607  1.12e-15
699   J1441-6137     1.175840  3.60e-16
700   J1443-5122     0.732061  3.38e-16
701   J1444-5941     2.760228  8.23e-15
702   J1444-6026     4.758576  1.85e-14
703   J1446-4701     0.002195  9.81e-21
704   J1447-5757     0.158730  1.17e-14
705   J1449-5846     0.463330  8.60e-17
706   J1452-5851     0.386643  5.07e-14
707   J1452-6036     0.154992  1.45e-15
708   J1453+1902     0.005792  1.17e-20
709   J1453-6413     0.179487  2.74e-15
710   J1454-5846     0.045249  8.17e-19
711   J1455-3330     0.007987  2.43e-20
712   J1456-6843     0.263377  9.89e-17
713   J1457-5122     1.748308  5.30e-15
714   J1457-5900     1.498637  3.66e-15
715   J1457-5902     0.390739  1.23e-14
716   J1459-6053     0.103151  2.53e-14
717   J1501-0046     0.464037  2.39e-16
718   J1501-5637     0.782949  1.70e-16
719   J1502-5653     0.535504  1.83e-15
720   J1502-5828     0.668105  3.64e-14
721   J1502-6128     0.842104  1.35e-15
722   J1502-6752     0.026744  3.15e-19
723   J1503+2111     3.314002  1.40e-16
724   J1504-5621     0.412985  5.53e-15
725   J1504-5659     1.672372  1.43e-15
726   J1506-5158     0.840739  6.37e-15
727   J1507-4352     0.286758  1.58e-15
728   J1507-5800     0.897254  2.60e-16
729   J1507-6640     0.355656  1.15e-15
730   J1509+5531     0.739682  5.00e-15
731   J1509-5850     0.088925  9.17e-15
732   J1509-6015     0.339038  2.12e-15
733   J1510-4422     0.943871  6.10e-16
734   J1511-5414     0.200384  4.85e-16
735   J1511-5835     0.301511  3.44e-16
736   J1512-5431     2.040532  1.92e-15
737   J1512-5759     0.128699  6.85e-15
738   J1513-2550     0.002119  2.16e-20
739   J1513-5739     0.973458  2.75e-14
740   J1513-5908     0.151582  1.53e-12
741   J1513-5946     1.046117  8.53e-15
742   J1513-6013     1.958737  1.37e-15
743   J1514-4834     0.454840  9.26e-16
744   J1514-4946     0.003589  1.86e-20
745   J1514-5316     0.296279  1.60e-18
746   J1514-5925     0.148797  2.88e-15
747   J1515-5720     0.286648  6.09e-15
748   J1517-4356     0.650837  2.16e-16
749   J1517-4636     0.886612  2.10e-15
750   J1518+0204A    0.005554  4.12e-20
751   J1518+0204C    0.002484  2.61e-20
752   J1518-0627     0.794997  4.18e-16
753   J1518-3952     0.499196  2.37e-16
754   J1518+4904     0.040935  2.72e-20
755   J1518-5415     0.214925  4.06e-17
756   J1519-5734     0.518758  4.27e-15
757   J1519-6106     2.154307  8.37e-15
758   J1519-6308     1.254052  5.96e-15
759   J1522-5525     1.389605  3.30e-15
760   J1522-5735     0.102136  3.12e-14
761   J1522-5829     0.395354  2.06e-15
762   J1523-3235     1.504835  9.53e-16
763   J1524-5625     0.078219  3.90e-14
764   J1524-5706     1.116174  3.56e-13
765   J1524-5819     0.961043  1.26e-13
766   J1525-5417     1.011694  1.62e-14
767   J1525-5523     0.355156  8.96e-18
768   J1525-5545     0.011360  1.31e-19
769   J1525-5605     0.280349  1.16e-16
770   J1526-5633     0.301888  1.23e-16
771   J1527-3931     2.417605  1.91e-14
772   J1527-5552     1.048719  1.13e-14
773   J1528-3146     0.060822  2.49e-19
774   J1528-4109     0.526556  3.96e-16
775   J1528-5547     3.467302  7.75e-15
776   J1528-5838     0.355687  2.48e-14
777   J1529-3828     0.008486  2.70e-20
778   J1529-5355     0.891265  8.10e-16
779   J1529-5611     0.822249  4.10e-15
780   J1530-5327     0.278958  4.68e-15
781   J1530-6343     0.910320  8.25e-16
782   J1531-4012     0.356849  9.63e-17
783   J1531-5610     0.084206  1.38e-14
784   J1532+2745     1.124836  7.80e-16
785   J1532-5308     0.443825  6.50e-17
786   J1534-4428     1.221426  1.80e-16
787   J1534-5334     1.368882  1.43e-15
788   J1534-5405     0.289689  1.54e-15
789   J1535-4114     0.432866  4.07e-15
790   J1535-4415     0.468402  4.05e-17
791   J1535-5450     0.566734  1.43e-14
792   J1535-5848     0.307178  2.72e-15
793   J1536-3602     1.319759  7.90e-16
794   J1536-4948     0.003080  2.12e-20
795   J1536-5433     0.881438  1.91e-15
796   J1536-5907     0.557841  1.37e-15
797   J1537+1155     0.037904  2.42e-18
798   J1537-4912     0.301311  1.93e-15
799   J1537-5153     1.528124  4.17e-15
800   J1537-5312     0.006927  1.59e-20
801   J1537-5645     0.430464  2.78e-15
802   J1538+2345     3.449385  6.89e-15
803   J1538-5438     0.276726  1.42e-15
804   J1538-5519     0.395731  4.10e-17
805   J1538-5551     0.104676  3.21e-15
806   J1538-5621     1.908494  7.31e-15
807   J1538-5638     0.843980  7.12e-15
808   J1538-5732     0.341213  4.55e-15
809   J1538-5750     0.506568  4.20e-17
810   J1539-4828     1.272842  1.27e-15
811   J1539-5521     1.004958  7.28e-16
812   J1539-5626     0.243395  4.85e-15
813   J1539-6322     1.630846  2.02e-16
814   J1540-5736     0.612916  4.21e-16
815   J1541-5535     0.295838  7.50e-14
816   J1542-5034     0.599248  4.02e-15
817   J1542-5133     1.783865  5.89e-16
818   J1542-5303     1.207568  7.78e-14
819   J1543-0620     0.709064  8.80e-16
820   J1543+0929     0.748448  4.32e-16
821   J1543-5013     0.644255  1.01e-14
822   J1543-5149     0.002057  1.62e-20
823   J1543-5459     0.377138  5.21e-14
824   J1544-0713     0.484130  1.14e-15
825   J1544+4937     0.002159  2.93e-21
826   J1544-5308     0.178554  6.03e-17
827   J1545-4550     0.003575  5.25e-20
828   J1546-5302     0.580840  1.18e-14
829   J1547-0944     1.576925  2.94e-15
830   J1547-5709     0.004291  7.45e-21
831   J1547-5750     0.647198  2.56e-17
832   J1547-5839     0.242190  5.94e-16
833   J1548-4821     0.145655  8.00e-19
834   J1548-4927     0.602738  4.05e-15
835   J1548-5607     0.170938  1.07e-14
836   J1549+2113     1.262471  8.54e-16
837   J1549-4848     0.288355  1.41e-14
838   J1549-5722     0.497772  4.70e-17
839   J1550-5242     0.749659  1.78e-14
840   J1550-5317     1.421124  9.35e-16
841   J1550-5418     2.069833  2.32e-11
842   J1551-4424     0.674060  1.88e-16
843   J1551-5310     0.453448  1.95e-13
844   J1551-6214     0.198839  2.28e-17
845   J1552-4937     0.006284  1.90e-20
846   J1552+5437     0.002428  2.80e-21
847   J1553-5456     1.081347  1.57e-14
848   J1554-5209     0.125230  2.29e-15
849   J1554-5512     3.418039  3.12e-14
850   J1555-0515     0.975410  2.05e-15
851   J1555-2341     0.532578  6.94e-16
852   J1555-2908     0.001790  4.45e-20
853   J1555-3134     0.518110  6.22e-17
854   J1556-5358     0.994681  1.04e-14
855   J1557-4258     0.329187  3.30e-16
856   J1557-5151     0.408155  7.54e-17
857   J1558-5419     0.594575  6.04e-15
858   J1558-5756     1.122342  1.86e-13
859   J1559-4438     0.257056  1.02e-15
860   J1559-5545     0.957267  1.99e-14
861   J1600-3053     0.003598  9.50e-21
862   J1600-5044     0.192605  5.06e-15
863   J1600-5751     0.194456  2.13e-15
864   J1600-5916     1.247666  8.87e-16
865   J1601-5244     2.559357  7.21e-16
866   J1601-5335     0.288479  6.23e-14
867   J1602-4957     0.819990  1.59e-14
868   J1602-5100     0.864286  6.94e-14
869   J1603-2531     0.283071  1.59e-15
870   J1603-2712     0.778313  3.01e-15
871   J1603-3539     0.141909  1.24e-16
872   J1603-5312     0.839221  4.96e-14
873   J1603-5657     0.496077  2.79e-15
874   J1603-7202     0.014842  1.56e-20
875   J1604-3142     0.883890  2.65e-17
876   J1604-4718     0.527466  4.96e-15
877   J1604-4909     0.327419  1.02e-15
878   J1604-7203     0.341403  8.40e-17
879   J1605-5215     1.013609  4.75e-15
880   J1605-5257     0.658013  2.56e-16
881   J1607-0032     0.421816  3.06e-16
882   J1607-5140     0.342723  2.54e-15
883   J1607-6449     0.298116  2.49e-17
884   J1609-1930     1.557917  5.09e-16
885   J1609-4616     0.249609  5.01e-16
886   J1609-5158     1.279402  1.30e-14
887   J1610-1322     1.018393  2.30e-16
888   J1610-5006     0.481119  1.36e-14
889   J1610-5303     0.786468  2.62e-15
890   J1611-4811     1.296850  1.95e-15
891   J1611-4949     0.666438  5.42e-16
892   J1611-5209     0.182495  5.17e-15
893   J1611-5847     0.354550  2.01e-18
894   J1612+2008     0.426646  3.73e-17
895   J1612-2408     0.923834  1.57e-15
896   J1612-5022     1.368283  3.40e-17
897   J1612-5136     0.483311  3.78e-15
898   J1612-5805     0.615520  9.35e-16
899   J1613-4714     0.382377  6.34e-16
900   J1613-5211     0.457502  1.92e-14
901   J1613-5234     0.655221  6.63e-15
902   J1614+0737     1.206801  2.36e-15
903   J1614-2230     0.003151  9.62e-21
904   J1614-3846     0.464106  9.20e-16
905   J1614-3937     0.407292  1.59e-16
906   J1614-5048     0.231694  4.95e-13
907   J1614-5144     1.534008  7.44e-15
908   J1614-5402     0.572592  2.90e-17
909   J1615-2940     2.477568  1.58e-15
910   J1615-4958     0.558258  1.46e-15
911   J1615-5137     0.179280  1.06e-14
912   J1615-5444     0.360958  3.38e-16
913   J1615-5537     0.791526  2.00e-15
914   J1616-5017     0.491384  4.66e-14
915   J1616-5109     1.219594  1.91e-14
916   J1616-5208     1.025831  2.89e-14
917   J1617-4216     3.428466  1.81e-14
918   J1617-4608     0.567080  1.65e-14
919   J1617-5055     0.069357  1.35e-13
920   J1618-3921     0.011987  5.41e-20
921   J1618-4624     0.005931  3.10e-21
922   J1618-4723     0.203553  1.99e-15
923   J1620-4927     0.171935  1.05e-14
924   J1620-5414     1.156360  6.74e-17
925   J1621-5039     1.084020  1.30e-14
926   J1621-5243     0.371924  7.68e-16
927   J1622-0315     0.003845  1.16e-20
928   J1622-3751     0.731463  2.57e-15
929   J1622-4332     0.916938  1.56e-15
930   J1622-4347     0.457681  5.05e-15
931   J1622-4802     0.265072  3.07e-16
932   J1622-4845     0.735092  1.10e-16
933   J1622-4944     1.072968  1.71e-14
934   J1622-4950     4.327020  2.78e-12
935   J1622-6617     0.023623  5.88e-20
936   J1623-0841     0.503015  1.96e-15
937   J1623-0908     1.276446  2.58e-15
938   J1623-2631     0.011076  6.71e-19
939   J1623-4256     0.364591  1.01e-15
940   J1623-4949     0.725732  4.21e-14
941   J1623-5005     0.085072  4.16e-15
942   J1624-4041     0.167861  4.72e-15
943   J1624-4411     0.233164  7.99e-16
944   J1624-4613     0.871243  6.07e-17
945   J1624-4721     0.448723  4.15e-15
946   J1624+5850     0.651801  3.31e-16
947   J1624+8643     0.395763  2.55e-16
948   J1625-0021     0.002834  2.13e-20
949   J1625-4048     2.355278  4.43e-16
950   J1625-4904     0.460339  1.68e-14
951   J1625-4913     0.355856  6.65e-15
952   J1626-4537     0.370141  8.28e-15
953   J1626-4807     0.293928  1.75e-14
954   J1626-6621     0.450868  7.66e-16
955   J1627+1419     0.490857  3.93e-16
956   J1627-4706     0.140746  1.73e-15
957   J1627-4845     0.612331  3.64e-15
958   J1627-5547     0.352464  7.38e-16
959   J1627-5936     0.354234  8.00e-18
960   J1628+4406     0.181178  1.94e-17
961   J1628-4804     0.865971  1.24e-15
962   J1628-4828     4.137539  1.75e-14
963   J1629-3636     2.988193  7.00e-15
964   J1629-3825     0.526365  4.44e-16
965   J1629-6902     0.006001  1.00e-20
966   J1630-2609     1.912420  1.57e-15
967   J1630+3734     0.003318  1.08e-20
968   J1630-4719     0.559071  1.42e-14
969   J1630-4733     0.575971  2.23e-14
970   J1631-1612     0.677684  1.10e-15
971   J1631-4155     0.551241  8.81e-18
972   J1632-1013     0.717637  6.60e-17
973   J1632-4509     1.046810  1.49e-14
974   J1632-4621     1.709154  7.60e-14
975   J1632-4757     0.228569  1.51e-14
976   J1632-4818     0.813672  6.49e-13
977   J1633-2009     0.935557  1.07e-15
978   J1633-4453     0.436507  6.20e-15
979   J1633-4805     0.710830  7.69e-14
980   J1633-5015     0.352145  3.79e-15
981   J1634-4229     2.015263  8.01e-15
982   J1634-5107     0.507356  1.57e-15
983   J1634-5640     0.224201  4.10e-17
984   J1635-1511     1.179387  2.32e-16
985   J1635+2332     1.208694  8.63e-16
986   J1635+2418     0.490507  1.19e-16
987   J1635-4513     1.594746  3.60e-15
988   J1635-4944     0.671964  8.79e-15
989   J1635-5954     0.529121  1.37e-15
990   J1636-2614     0.510454  4.06e-15
991   J1636-4440     0.206649  4.67e-14
992   J1636-4803     1.204644  2.07e-14
993   J1636-4933     0.430367  1.51e-15
994   J1637-0314A    0.001980  9.56e-20
995   J1637-4335     0.771367  3.62e-15
996   J1637-4450     0.252870  5.75e-16
997   J1637-4553     0.118773  3.19e-15
998   J1637-4642     0.154047  5.93e-14
999   J1637-4721     1.165741  4.44e-15
1000  J1637-4816     0.837365  5.83e-15
1001  J1638-3815     0.698261  7.70e-17
1002  J1638-3951     0.771130  5.90e-16
1003  J1638+4005     0.767720  1.83e-16
1004  J1638-4233     0.510929  1.01e-14
1005  J1638-4344     1.121944  2.50e-17
1006  J1638-4417     0.117802  1.61e-15
1007  J1638-4608     0.278155  5.15e-14
1008  J1638-4725     0.763933  4.79e-15
1009  J1638-5226     0.340503  2.65e-15
1010  J1639-4359     0.587559  1.50e-17
1011  J1639-4604     0.264558  2.89e-15
1012  J1640+2224     0.003163  2.82e-21
1013  J1640-4631     0.206443  9.76e-13
1014  J1640-4648     0.178352  8.06e-16
1015  J1640-4715     0.517430  4.21e-14
1016  J1640-4951     0.739099  3.34e-16
1017  J1641-2347     1.091008  4.11e-17
1018  J1641+3627C    0.003722  1.23e-21
1019  J1641+3627E    0.002487  1.74e-20
1020  J1641+3627F    0.003004  1.40e-20
1021  J1641-5317     0.175106  3.70e-15
1022  J1641+8049     0.002021  8.95e-21
1023  J1643-1224     0.004622  1.85e-20
1024  J1643+1338     1.099047  7.78e-16
1025  J1643-4505     0.237390  3.18e-14
1026  J1643-4522     1.347899  8.28e-15
1027  J1643-4550     0.717508  3.00e-14
1028  J1644-4559     0.455078  2.01e-14
1029  J1644-4657     0.125962  7.50e-16
1030  J1645-0317     0.387690  1.78e-15
1031  J1645+1012     0.410861  8.13e-17
1032  J1646-1910     4.817736  1.00e-14
1033  J1646-4308     0.840680  1.10e-16
1034  J1646-4346     0.231603  1.13e-13
1035  J1646-5123     0.530075  2.10e-15
1036  J1646-6831     1.785613  1.70e-15
1037  J1647-3607     0.212316  1.29e-16
1038  J1647-4552    10.610656  8.33e-13
1039  J1647+6608     1.599798  7.84e-15
1040  J1648-3256     0.719455  3.53e-15
1041  J1648-4458     0.629632  1.85e-15
1042  J1648-4611     0.164958  2.37e-14
1043  J1648-6044     0.583765  4.29e-16
1044  J1649+2533     1.015257  5.59e-16
1045  J1649-3012     0.003424  1.33e-20
1046  J1649-3805     0.262026  3.67e-17
1047  J1649-3935     0.770910  3.91e-17
1048  J1649-4349     0.870712  4.40e-17
1049  J1649-4653     0.557036  4.96e-14
1050  J1649-4729     0.297692  6.55e-15
1051  J1649-5553     0.613571  1.70e-15
1052  J1650-1654     1.749552  3.20e-15
1053  J1650-4126     0.308918  1.98e-17
1054  J1650-4341     0.309398  1.67e-17
1055  J1650-4502     0.380870  1.61e-14
1056  J1650-4601     0.127123  1.51e-14
1057  J1650-4921     0.156400  1.82e-15
1058  J1651-1709     0.973394  3.04e-15
1059  J1651-4246     0.844081  4.75e-15
1060  J1651-4519     0.517443  8.19e-15
1061  J1651-5222     0.635058  1.81e-15
1062  J1651-5255     0.890537  2.12e-15
1063  J1651-7642     1.755311  1.36e-15
1064  J1652-1400     0.305447  1.76e-17
1065  J1652-2404     1.703739  3.16e-15
1066  J1652+2651     0.915803  6.54e-16
1067  J1652-4406     7.707183  9.50e-15
1068  J1653-0158     0.001968  2.40e-21
1069  J1653-2054     0.004129  1.12e-20
1070  J1653-3838     0.305037  2.79e-15
1071  J1653-4030     1.019372  4.36e-16
1072  J1653-4105     0.498978  5.41e-17
1073  J1653-4249     0.612558  4.81e-15
1074  J1653-4315     0.419280  1.50e-17
1075  J1653-4854     3.059510  3.45e-15
1076  J1654-2713     0.791822  1.68e-16
1077  J1654-3710     0.939165  7.35e-16
1078  J1654-4140     1.273945  1.30e-16
1079  J1654-4245     1.101555  5.12e-14
1080  J1655-3048     0.542936  3.66e-17
1081  J1655-3844     1.193439  2.00e-15
1082  J1656-3621     0.730134  1.28e-15
1083  J1656+6203     0.776155  8.44e-16
1084  J1657+3304     1.570276  1.73e-15
1085  J1657-4432     0.609607  8.20e-15
1086  J1658+3630     0.033028  1.16e-19
1087  J1658-4306     1.166449  4.28e-14
1088  J1658-4958     0.416874  3.86e-15
1089  J1658-5324     0.002439  1.12e-20
1090  J1659-1305     0.640958  6.18e-16
1091  J1659-4316     0.474381  1.71e-16
1092  J1659-4439     0.353293  2.50e-17
1093  J1700-0954     0.817312  7.52e-16
1094  J1700-3312     1.358307  4.71e-15
1095  J1700-3611     1.494091  4.32e-15
1096  J1700-3919     0.560504  5.03e-18
1097  J1700-4012     0.283792  9.91e-17
1098  J1700-4422     0.755535  4.00e-17
1099  J1700-4939     0.578363  1.08e-15
1100  J1701-3006D    0.003418  1.26e-19
1101  J1701-3006E    0.003234  3.10e-19
1102  J1701-3006F    0.002295  2.22e-19
1103  J1701-3130     0.291341  5.60e-17
1104  J1701-3726     2.454618  1.11e-14
1105  J1701-4533     0.322909  5.19e-16
1106  J1701-4958     0.804304  1.10e-16
1107  J1702-3932     0.390328  3.78e-16
1108  J1702-4128     0.182136  5.23e-14
1109  J1702-4217     0.227565  1.14e-17
1110  J1702-4306     0.215508  9.78e-15
1111  J1702-4310     0.240524  2.24e-13
1112  J1702-4428     2.123506  3.30e-15
1113  J1703-1846     0.804341  1.73e-15
1114  J1703-3241     1.211785  6.60e-16
1115  J1703-4442     1.747293  1.43e-14
1116  J1703-4851     1.396405  5.07e-15
1117  J1704-3756     0.305234  1.13e-14
1118  J1704-5236     0.230708  5.20e-17
1119  J1704-6016     0.306323  9.10e-16
1120  J1705-1906     0.298987  4.14e-15
1121  J1705-3423     0.255427  1.08e-15
1122  J1705-3936     0.854482  1.93e-14
1123  J1705-3950     0.318941  6.06e-14
1124  J1705-4108     0.861067  3.47e-14
1125  J1705-4331     0.222561  7.12e-17
1126  J1705-6135     0.808546  6.00e-17
1127  J1706-3839     0.586287  3.00e-15
1128  J1706-4310     0.616979  6.51e-15
1129  J1706-4434     0.429922  2.58e-15
1130  J1706-6118     0.361921  2.92e-16
1131  J1707-4053     0.581018  1.92e-15
1132  J1707-4341     0.890594  5.70e-15
1133  J1707-4417     5.763777  1.16e-14
1134  J1707-4729     0.266474  1.56e-15
1135  J1708-3426     0.692116  4.21e-15
1136  J1708-3506     0.004505  1.14e-20
1137  J1708-3641     0.587567  1.35e-16
1138  J1708-3827     1.225782  8.60e-15
1139  J1708-4008    11.006262  1.96e-11
1140  J1708-4522     1.297837  2.61e-15
1141  J1708-7539     1.191024  1.88e-15
1142  J1709-1640     0.653054  6.31e-15
1143  J1709+2313     0.004631  3.63e-21
1144  J1709-3626     0.447857  2.27e-15
1145  J1709-3841     0.586986  7.86e-15
1146  J1709-4342     1.735898  8.00e-16
1147  J1709-4401     0.865235  7.37e-15
1148  J1709-4429     0.102459  9.30e-14
1149  J1710-2616     0.954158  2.00e-17
1150  J1710-4148     0.286561  1.02e-16
1151  J1710+4923     0.003220  1.82e-20
1152  J1711-1509     0.868804  1.10e-15
1153  J1711-3826     0.465365  7.41e-15
1154  J1711-4322     0.102618  2.67e-17
1155  J1711-5350     0.899233  1.55e-14
1156  J1712-2715     0.255360  1.28e-15
1157  J1713+0747     0.004570  8.53e-21
1158  J1713-3844     1.600114  1.77e-13
1159  J1713+7810     0.432526  1.14e-16
1160  J1714-1054     0.696279  5.88e-17
1161  J1714-3810     3.824936  5.88e-11
1162  J1715-3247     1.260214  9.20e-17
1163  J1715-3700     0.779628  1.46e-16
1164  J1715-3859     0.928108  4.40e-15
1165  J1715-3903     0.278494  3.74e-14
1166  J1715-4034     2.072155  3.03e-15
1167  J1715-4254     0.573745  8.76e-16
1168  J1716-3720     0.630314  1.80e-14
1169  J1716-4005     0.311813  2.87e-15
1170  J1716-4111     1.036067  2.88e-15
1171  J1716-4711     0.555824  8.33e-16
1172  J1717-3425     0.656299  9.80e-15
1173  J1717-3737     0.682419  5.29e-15
1174  J1717-3847     1.149499  8.20e-16
1175  J1717-3953     1.085521  3.30e-17
1176  J1717-4043     0.397857  1.22e-14
1177  J1717-40435    0.349929  1.75e-15
1178  J1717-4054     0.887719  3.70e-15
1179  J1717+4308A    0.003160  6.11e-20
1180  J1717-5800     0.321793  1.96e-16
1181  J1718-3714     1.289379  2.62e-14
1182  J1718-3718     3.378574  1.61e-12
1183  J1718-3825     0.074670  1.32e-14
1184  J1718-4539     0.590473  7.51e-15
1185  J1719-1438     0.005790  8.04e-21
1186  J1719-2330     0.453993  2.19e-15
1187  J1719-3458     0.493775  1.49e-17
1188  J1719-4006     0.189094  1.67e-15
1189  J1719-4302     0.235475  3.92e-16
1190  J1720-0212     0.477715  8.28e-17
1191  J1720-1633     1.565601  5.80e-15
1192  J1720+2150     1.615664  7.40e-16
1193  J1720-2446     0.874265  5.93e-16
1194  J1720-2933     0.620448  7.46e-16
1195  J1720-3659     0.351125  3.27e-17
1196  J1721-1936     1.004037  1.62e-15
1197  J1721-1939     0.404040  1.28e-16
1198  J1721-2457     0.003497  5.54e-21
1199  J1721-3532     0.280424  2.52e-14
1200  J1722-3207     0.477158  6.45e-16
1201  J1722-3632     0.399183  4.46e-15
1202  J1722-3712     0.236180  1.09e-14
1203  J1722-4400     0.218554  3.74e-16
1204  J1723-2837     0.001856  7.54e-21
1205  J1723-2852     0.625034  9.00e-16
1206  J1723-3659     0.202725  8.03e-15
1207  J1724-3149     0.948237  7.25e-15
1208  J1724-3505     1.221708  2.11e-14
1209  J1724-4500     1.309109  3.51e-15
1210  J1725-0732     0.239919  4.30e-16
1211  J1725-2852     1.257788  1.99e-15
1212  J1725-3546     1.032471  1.50e-14
1213  J1725-3848     2.062386  2.30e-14
1214  J1725-3853     0.004792  5.00e-20
1215  J1725-4043     1.465071  2.79e-15
1216  J1726-3530     1.110132  1.22e-12
1217  J1726-3635     0.287432  1.44e-15
1218  J1726-4006     0.882778  3.33e-15
1219  J1727-2739     1.293100  1.07e-15
1220  J1727-2946     0.027083  2.46e-19
1221  J1727-2951     0.028405  3.10e-19
1222  J1728-0007     0.386004  1.12e-15
1223  J1728-3733     0.615538  7.20e-17
1224  J1728-4028     0.866343  2.33e-16
1225  J1729-2117     0.066293  1.72e-19
1226  J1730-2304     0.008123  2.02e-20
1227  J1730-2900     1.538427  8.85e-15
1228  J1730-3350     0.139460  8.48e-14
1229  J1730-3353     3.270242  2.20e-14
1230  J1731-1847     0.002345  2.54e-20
1231  J1731-3123     0.753048  1.68e-15
1232  J1731-3322     0.544671  2.81e-14
1233  J1731-4744     0.829829  1.64e-13
1234  J1732-1930     0.483770  1.82e-16
1235  J1732-3131     0.196543  2.80e-14
1236  J1732-3426     0.332887  4.02e-16
1237  J1732-3729     2.184001  1.30e-15
1238  J1732-4128     0.627981  1.28e-14
1239  J1732-4156     0.323434  6.61e-16
1240  J1732-5049     0.005313  1.42e-20
1241  J1733-2228     0.871683  4.27e-17
1242  J1733-2533     0.659794  2.10e-15
1243  J1733-2837     0.768185  1.11e-15
1244  J1733-3030     0.362052  1.65e-15
1245  J1733-3322     1.245915  4.10e-15
1246  J1733-3716     0.337595  1.50e-14
1247  J1733-4005     0.561778  3.62e-15
1248  J1733-5515     1.011234  4.00e-16
1249  J1734-0212     0.839394  4.21e-16
1250  J1734-2415     0.612524  1.05e-15
1251  J1734-2859     0.301456  8.00e-18
1252  J1734-3058     0.541286  1.62e-17
1253  J1734-3333     1.169341  2.28e-12
1254  J1735-0243     0.782887  6.32e-16
1255  J1735-0724     0.419335  1.21e-15
1256  J1735-3258     0.350972  2.60e-14
1257  J1735+6320     0.510718  3.23e-16
1258  J1736-2457     2.642223  3.43e-15
1259  J1736-2819     1.592419  1.49e-14
1260  J1736-2843     6.445036  3.00e-14
1261  J1736-3422     0.347222  6.56e-14
1262  J1736-3511     0.502803  1.57e-15
1263  J1737-0811     0.004175  7.93e-21
1264  J1737-3102     0.768672  3.73e-14
1265  J1737-3137     0.450432  1.39e-13
1266  J1737-3320     0.816273  2.25e-15
1267  J1737-3555     0.397585  6.12e-15
1268  J1738+0333     0.005850  2.41e-20
1269  J1738-2330     1.978847  8.56e-15
1270  J1738-2647     0.349591  3.15e-15
1271  J1738-2736     0.627716  4.62e-15
1272  J1738-2955     0.443425  8.20e-14
1273  J1738-3107     0.549498  2.96e-16
1274  J1738-3211     0.768499  7.95e-16
1275  J1738-3316     0.730373  8.86e-17
1276  J1739+0612     0.234169  1.56e-16
1277  J1739-1313     1.215698  8.17e-17
1278  J1739-2521     1.818461  2.40e-16
1279  J1739-2903     0.322886  7.87e-15
1280  J1739-3023     0.114372  1.14e-14
1281  J1739-3049     0.239317  2.18e-15
1282  J1739-3131     0.529441  1.86e-14
1283  J1739-3159     0.877561  1.97e-16
1284  J1739-3951     0.341772  1.99e-17
1285  J1740+1000     0.154087  2.15e-14
1286  J1740+1311     0.803050  1.45e-15
1287  J1740-2540     1.692656  1.85e-15
1288  J1740-3015     0.606887  4.66e-13
1289  J1740-3052     0.570313  2.55e-14
1290  J1740-3327     0.515001  3.90e-15
1291  J1740-5340A    0.003650  1.68e-19
1292  J1741-0840     2.043082  2.27e-15
1293  J1741+1351     0.003747  3.02e-20
1294  J1741-2019     3.904506  1.63e-14
1295  J1741-2054     0.413700  1.70e-14
1296  J1741-2719     0.346797  8.06e-17
1297  J1741-2733     0.892959  1.48e-16
1298  J1741+2758     1.360738  1.84e-15
1299  J1741-2945     0.223558  6.34e-16
1300  J1741-3016     1.893749  8.99e-15
1301  J1741+3855     0.828861  2.06e-16
1302  J1741-3927     0.512212  1.71e-15
1303  J1742-3321     0.143266  1.27e-15
1304  J1742-3957     1.016349  8.16e-17
1305  J1742-4616     0.412401  3.38e-17
1306  J1743-0339     0.444645  1.56e-15
1307  J1743-1351     0.405337  4.78e-16
1308  J1743-2442     1.242508  4.72e-16
1309  J1743-3150     2.414652  1.21e-13
1310  J1743-3153     0.193105  1.06e-14
1311  J1743-4212     0.306167  7.83e-16
1312  J1744-1134     0.004075  8.93e-21
1313  J1744-1610     1.757206  2.38e-15
1314  J1744-2335     1.683507  8.33e-16
1315  J1744-3130     1.066061  2.12e-14
1316  J1744-3922     0.172444  1.55e-18
1317  J1744-5337     0.355666  1.90e-16
1318  J1744-7619     0.004688  9.68e-21
1319  J1745-0129     1.045407  6.31e-16
1320  J1745-0952     0.019376  9.25e-20
1321  J1745+1017     0.002652  2.73e-21
1322  J1745+1252     1.059849  5.63e-16
1323  J1745-2229     1.160593  2.86e-15
1324  J1745-2758     0.487528  4.42e-18
1325  J1745-2900     3.763733  1.76e-11
1326  J1745-3040     0.367434  1.07e-14
1327  J1745-3812     0.698353  2.43e-15
1328  J1746+2245     3.465038  4.92e-15
1329  J1746+2540     1.058148  1.05e-15
1330  J1746-2849     1.478480  1.27e-14
1331  J1746-2850     1.077101  1.34e-12
1332  J1746-2856     0.945224  1.25e-14
1333  J1746-3239     0.199541  6.56e-15
1334  J1747-1030     1.578793  4.30e-16
1335  J1747-2647     0.500254  1.32e-14
1336  J1747-2802     2.780079  2.37e-15
1337  J1747-2809     0.052153  1.56e-13
1338  J1747-2958     0.098814  6.13e-14
1339  J1747-4036     0.001646  1.31e-20
1340  J1748-1300     0.394133  1.21e-15
1341  J1748-2021A    0.288603  3.99e-16
1342  J1748-2021D    0.013496  5.87e-19
1343  J1748-2021E    0.016264  3.12e-19
1344  J1748-2444     0.442838  1.11e-16
1345  J1748-2446aj   0.002959  1.41e-19
1346  J1748-2446ak   0.001890  8.85e-20
1347  J1748-2446an   0.004802  1.56e-19
1348  J1749-2146     2.714556  7.08e-15
1349  J1749-2347     0.874486  2.42e-15
1350  J1749-2629     1.335388  1.72e-15
1351  J1749-3002     0.609874  7.87e-15
1352  J1749-4931     0.445822  5.90e-16
1353  J1749-5417     0.307577  1.50e-16
1354  J1749-5605     1.332310  2.12e-15
1355  J1749+5952     0.436041  1.52e-16
1356  J1750-2043     5.639047  7.95e-15
1357  J1750-2438     0.712794  1.08e-14
1358  J1750-2444     0.899377  2.64e-16
1359  J1750-28       1.300513  5.78e-15
1360  J1750-3157     0.910363  1.97e-16
1361  J1750-3503     0.684014  3.81e-17
1362  J1750-3703A    0.111601  5.66e-18
1363  J1750-3703B    0.006075  1.92e-20
1364  J1750-3703D    0.005140  4.93e-19
1365  J1751-2516     0.394836  2.64e-15
1366  J1751-2857     0.003915  1.12e-20
1367  J1751-3323     0.548227  8.83e-15
1368  J1751-4657     0.742354  1.30e-15
1369  J1752+2359     0.409051  6.43e-16
1370  J1752-2410     0.191037  6.18e-16
1371  J1752-2806     0.562558  8.13e-15
1372  J1752-2821     0.640229  3.47e-15
1373  J1753-1914     0.062955  2.02e-18
1374  J1753-2240     0.095138  9.70e-19
1375  J1753-2501     0.528336  1.41e-14
1376  J1754-2422     2.090248  8.30e-16
1377  J1754-3014     1.320490  4.43e-15
1378  J1754-3443     0.361691  5.71e-16
1379  J1754-3510     0.392704  7.82e-16
1380  J1754+5201     2.391397  1.56e-15
1381  J1755-0903     0.190710  7.81e-16
1382  J1755-1650     0.733744  6.86e-16
1383  J1755-2025     0.322231  4.42e-15
1384  J1755-2521     1.175968  9.02e-14
1385  J1755-25211    1.004513  3.12e-14
1386  J1755-2534     0.233541  1.12e-14
1387  J1755-2550     0.315196  2.43e-15
1388  J1755-26       0.430872  1.23e-14
1389  J1755-2725     0.261955  1.37e-17
1390  J1755-3716     0.012786  3.11e-20
1391  J1756+1822     0.744001  5.13e-16
1392  J1756-2225     0.404980  5.27e-14
1393  J1756-2251     0.028462  1.02e-18
1394  J1756-2435     0.670480  2.85e-16
1395  J1756-2619     0.724514  1.24e-15
1396  J1757-1500     0.179354  1.50e-15
1397  J1757-1854     0.021497  2.63e-18
1398  J1757-2223     0.185310  7.82e-16
1399  J1757-2421     0.234106  1.30e-14
1400  J1757-5322     0.008870  2.63e-20
1401  J1758-1931     0.692552  1.69e-14
1402  J1758-2206     0.430278  9.56e-16
1403  J1758-2540     2.107263  1.55e-15
1404  J1758-2630     1.202893  5.17e-15
1405  J1758-2846     0.766706  9.41e-17
1406  J1758+3030     0.947256  7.20e-16
1407  J1759-1029     2.512263  1.57e-14
1408  J1759-1736     0.798452  2.55e-16
1409  J1759-1903     0.731505  3.07e-15
1410  J1759-1940     0.254720  9.34e-17
1411  J1759-1956     2.843389  1.86e-14
1412  J1759-2205     0.460982  1.09e-14
1413  J1759-2302     0.810718  1.07e-14
1414  J1759-2307     0.558889  3.76e-15
1415  J1759-2549     0.956549  9.96e-14
1416  J1759-2922     0.574400  4.63e-15
1417  J1759-3107     1.078955  3.77e-15
1418  J1759+5036     0.176016  2.43e-19
1419  J1759-5505     0.373392  4.39e-16
1420  J1800-0125     0.783185  1.15e-14
1421  J1800-2114     1.799272  5.50e-16
1422  J1800+5034     0.578375  1.17e-16
1423  J1801-0357     0.921493  3.31e-15
1424  J1801-0857B    0.028962  2.20e-18
1425  J1801-0857D    0.004227  7.68e-21
1426  J1801-0857G    0.051591  7.99e-20
1427  J1801-0857H    0.005643  3.85e-19
1428  J1801-1417     0.003625  5.30e-21
1429  J1801-1855     2.550498  1.82e-16
1430  J1801-1909     1.108725  7.03e-16
1431  J1801-2115     0.438113  1.55e-17
1432  J1801-2154     0.375302  1.60e-14
1433  J1801-2304     0.415827  1.13e-13
1434  J1801-2451     0.124924  1.28e-13
1435  J1801-2920     1.081910  3.29e-15
1436  J1801-3210     0.007454  7.22e-23
1437  J1801-3458     1.385604  3.97e-16
1438  J1802+0128     0.554262  2.11e-15
1439  J1802-0523     1.680573  2.65e-15
1440  J1802-1745     0.514671  5.64e-16
1441  J1802-2124     0.012648  7.26e-20
1442  J1802-2426     0.569007  8.56e-15
1443  J1802-3346     2.461052  1.32e-15
1444  J1803-1616     0.536596  1.77e-15
1445  J1803-1857     2.864338  1.52e-14
1446  J1803-1920     0.443649  3.30e-16
1447  J1803-2137     0.133667  1.34e-13
1448  J1803-2149     0.106332  1.95e-14
1449  J1803-2712     0.334415  1.71e-17
1450  J1803-3002A    0.007101  4.00e-20
1451  J1803-3329     0.633412  3.37e-16
1452  J1804-0735     0.023101  4.67e-19
1453  J1804-2228     0.570511  1.43e-16
1454  J1804-2717     0.009343  4.09e-20
1455  J1805+0306     0.218712  9.99e-16
1456  J1805+0615     0.002129  2.28e-20
1457  J1805-0619     0.454651  9.69e-16
1458  J1805-1504     1.181269  2.73e-16
1459  J1805-2032     0.405769  8.39e-15
1460  J1805-2037     0.357807  1.76e-15
1461  J1805-2447     0.661402  5.82e-18
1462  J1805-2948     0.428341  4.74e-16
1463  J1806+1023     0.484286  5.73e-17
1464  J1806-1154     0.522618  1.41e-15
1465  J1806-1618     0.668309  8.62e-16
1466  J1806-1920     0.879791  1.70e-17
1467  J1806-2125     0.481825  1.18e-13
1468  J1806+2819     0.015084  3.75e-20
1469  J1807+0756     0.464300  1.29e-16
1470  J1807-0847     0.163727  2.88e-17
1471  J1807-2459B    0.004186  8.23e-20
1472  J1807-2557     2.764195  4.99e-15
1473  J1807-2715     0.827776  1.22e-14
1474  J1808-0813     0.876044  1.24e-15
1475  J1808-1020     0.596993  7.72e-16
1476  J1808-1517     0.544549  2.67e-15
1477  J1808-1726     0.241035  1.16e-17
1478  J1808-2024     7.555920  5.49e-10
1479  J1808-2057     0.918410  1.71e-14
1480  J1808-2701     2.457882  6.58e-14
1481  J1808-3249     0.364912  7.05e-15
1482  J1809-0119     0.744976  2.29e-15
1483  J1809-0743     0.313886  1.52e-16
1484  J1809-1429     0.895285  5.24e-15
1485  J1809-1850     1.124481  1.06e-14
1486  J1809-1917     0.082755  2.55e-14
1487  J1809-1943     5.540743  2.83e-12
1488  J1809-2004     0.434811  7.28e-15
1489  J1809-2109     0.702414  3.82e-15
1490  J1809-2332     0.146789  3.44e-14
1491  J1809-3547     0.860388  1.20e-16
1492  J1810+0705     0.307683  2.42e-16
1493  J1810-1441     0.217214  2.39e-17
1494  J1810-1709     1.161133  3.33e-16
1495  J1810-1820     0.153716  5.22e-17
1496  J1810-2005     0.032822  1.47e-19
1497  J1810-5338     0.261050  3.86e-16
1498  J1811-0154     0.924945  1.61e-15
1499  J1811+0702     0.461713  2.69e-15
1500  J1811-1049     2.623859  8.00e-16
1501  J1811-1717     0.391385  1.20e-16
1502  J1811-1736     0.104182  9.01e-19
1503  J1811-1835     0.557464  6.31e-15
1504  J1811-1925     0.064667  4.40e-14
1505  J1811-2405     0.002661  1.38e-20
1506  J1811-2439     0.415813  2.97e-16
1507  J1811-4930     1.432704  2.25e-15
1508  J1812+0226     0.793903  3.60e-15
1509  J1812-1718     1.205374  1.91e-14
1510  J1812-1733     0.538341  9.82e-16
1511  J1812-1910     0.430991  3.77e-14
1512  J1812-20       1.903112  2.40e-16
1513  J1812-2102     1.223352  2.39e-14
1514  J1812-2526     0.315835  1.77e-16
1515  J1812-2748     0.236983  3.16e-16
1516  J1812-3039     0.587477  6.60e-16
1517  J1813-1246     0.048072  1.76e-14
1518  J1813-1749     0.044741  1.27e-13
1519  J1813+1822     0.336425  2.10e-17
1520  J1813-2113     0.426466  2.08e-15
1521  J1813-2242     0.328514  4.78e-17
1522  J1813-2621     0.004430  1.25e-20
1523  J1813+4013     0.931089  2.55e-15
1524  J1814-0521     1.014219  8.84e-16
1525  J1814-0618     1.377868  2.92e-16
1526  J1814+1130     0.751261  1.66e-15
1527  J1814-1649     0.957464  6.33e-15
1528  J1814-1744     3.975905  7.45e-13
1529  J1815-1738     0.198457  7.78e-14
1530  J1815-1910     1.249924  3.63e-14
1531  J1815+5546     0.426844  9.47e-17
1532  J1816-0755     0.217643  6.48e-15
1533  J1816-1446     0.594500  1.33e-15
1534  J1816-1729     0.782313  7.26e-15
1535  J1816-2650     0.592885  6.65e-17
1536  J1816+4510     0.003193  4.31e-20
1537  J1816-5643     0.217923  1.93e-18
1538  J1817-1511     0.224604  1.43e-15
1539  J1817-1742     0.149744  2.06e-14
1540  J1817-1938     2.046838  3.60e-16
1541  J1817-3618     0.387019  2.02e-15
1542  J1817-3837     0.384487  5.80e-16
1543  J1818-0151     0.837535  9.11e-15
1544  J1818-1116     0.544800  3.82e-15
1545  J1818-1422     0.291489  2.04e-15
1546  J1818-1448     0.281371  6.15e-15
1547  J1818-1519     0.939690  4.11e-15
1548  J1818-1541     0.551134  9.68e-15
1549  J1818-1556     0.952709  7.06e-16
1550  J1818-1607     1.363492  4.18e-11
1551  J1819-0925     0.852047  3.13e-15
1552  J1819-1008     0.301490  1.32e-15
1553  J1819-1114     0.294163  5.66e-16
1554  J1819-1131     1.388137  7.61e-16
1555  J1819+1305     1.060364  3.59e-16
1556  J1819-1318     1.515696  5.97e-16
1557  J1819-1408     1.788490  2.59e-15
1558  J1819-1458     4.263213  5.63e-13
1559  J1819-1510     0.226539  7.85e-18
1560  J1819-1717     0.393522  3.45e-15
1561  J1820-0427     0.598082  6.33e-15
1562  J1820-0509     0.337321  9.32e-16
1563  J1820-1346     0.921460  4.50e-15
1564  J1820-1529     0.333254  3.79e-14
1565  J1820-1818     0.309905  9.36e-17
1566  J1821+0155     0.033781  2.90e-20
1567  J1821-0256     0.414111  3.72e-17
1568  J1821-0331     0.902316  2.53e-15
1569  J1821-1419     1.656010  8.95e-13
1570  J1821-1432     1.915131  5.37e-15
1571  J1821+1715     1.366682  8.71e-16
1572  J1821+4147     1.261857  1.73e-15
1573  J1822+0705     1.362817  1.75e-15
1574  J1822-0719     0.499076  1.90e-17
1575  J1822-0848     0.834839  1.35e-16
1576  J1822-0902     0.148895  1.78e-14
1577  J1822-0907     0.974700  3.55e-16
1578  J1822+1120     1.787037  2.35e-15
1579  J1822-1252     2.071040  8.48e-14
1580  J1822-1400     0.214771  9.07e-16
1581  J1822-1604     8.437721  2.14e-14
1582  J1822-1617     0.831156  1.89e-15
1583  J1822-2256     1.874269  1.35e-15
1584  J1822-4209     0.456512  4.59e-16
1585  J1823-0154     0.759777  1.13e-15
1586  J1823+0550     0.752907  2.27e-16
1587  J1823-1115     0.279829  1.38e-15
1588  J1823-1126     1.846534  3.65e-14
1589  J1823-1347     0.617107  9.60e-15
1590  J1823-1526     1.625405  4.52e-15
1591  J1823-1807     1.636792  2.79e-16
1592  J1823-3021A    0.005440  3.38e-18
1593  J1823-3021B    0.378596  2.99e-17
1594  J1823-3021C    0.405936  2.24e-16
1595  J1823-3106     0.284054  2.93e-15
1596  J1824-0127     2.499470  3.91e-15
1597  J1824-0132     0.223729  2.82e-17
1598  J1824+1014     0.004066  5.37e-21
1599  J1824-1118     0.435759  3.55e-15
1600  J1824-1159     0.362492  5.38e-15
1601  J1824-1350     1.396599  6.07e-16
1602  J1824-1423     0.359394  3.92e-16
1603  J1824-1500     0.412230  7.58e-16
1604  J1824-1945     0.189337  5.24e-15
1605  J1824-2233     1.161743  3.01e-16
1606  J1824-2328     1.505875  1.74e-15
1607  J1824-2452A    0.003054  1.62e-18
1608  J1824-2537     0.223320  4.40e-16
1609  J1825+0004     0.778949  8.76e-16
1610  J1825-0319     0.004554  6.80e-21
1611  J1825-0935     0.769021  5.24e-14
1612  J1825-1108     1.925872  1.90e-15
1613  J1825-1446     0.279198  2.27e-14
1614  J1826-1131     2.093136  4.91e-15
1615  J1826-1256     0.110224  1.21e-13
1616  J1826-1334     0.101487  7.53e-14
1617  J1826-1419     0.770620  8.78e-15
1618  J1826-1526     0.382073  1.08e-15
1619  J1826-2415     0.004696  1.74e-20
1620  J1827-0750     0.270502  1.54e-15
1621  J1827-0849     0.002240  1.10e-20
1622  J1827-0934     0.512548  7.23e-15
1623  J1827-0958     0.245757  1.00e-15
1624  J1827-1446     0.499187  4.53e-14
1625  J1828-0611     0.269415  1.46e-15
1626  J1828-1007     0.153197  6.13e-16
1627  J1828-1057     0.246333  2.07e-14
1628  J1828-1101     0.072057  1.48e-14
1629  J1828+1221     1.528295  1.75e-15
1630  J1828-1336     0.860332  9.95e-16
1631  J1828+1359     0.741640  7.29e-16
1632  J1828-2119     0.514523  1.27e-15
1633  J1829+0000     0.199147  5.25e-16
1634  J1829-0734     0.318401  4.79e-15
1635  J1829-1751     0.307133  5.55e-15
1636  J1829+2456     0.041010  5.25e-20
1637  J1830-0052     0.345698  2.37e-16
1638  J1830-0131     0.152512  2.11e-15
1639  J1830-1059     0.405073  5.99e-14
1640  J1830-1135     6.221553  4.77e-14
1641  J1830-1313     0.747188  1.71e-15
1642  J1830-1414     0.771493  7.62e-17
1643  J1831-0823     0.612133  3.09e-16
1644  J1831-0952     0.067267  8.32e-15
1645  J1831-1223     2.857941  5.47e-15
1646  J1831-1329     2.165679  2.99e-15
1647  J1831-1423     0.507945  1.09e-15
1648  J1832+0029     0.533918  1.55e-15
1649  J1832-0644     0.744295  3.71e-14
1650  J1832-0827     0.647326  6.39e-14
1651  J1832-0836     0.002719  8.27e-21
1652  J1832-1021     0.330354  4.20e-15
1653  J1833-0209     0.291931  2.75e-15
1654  J1833-0338     0.686733  4.16e-14
1655  J1833-0556     1.521545  1.28e-15
1656  J1833-0559     0.483459  1.23e-14
1657  J1833-0827     0.085288  9.18e-15
1658  J1833-0831     7.565408  3.43e-12
1659  J1833-1034     0.061884  2.02e-13
1660  J1833-1055     0.633640  5.27e-16
1661  J1833-3840     0.001870  1.77e-20
1662  J1833-6023     1.889436  2.70e-16
1663  J1834-0010     0.520954  1.05e-17
1664  J1834-0031     0.329532  4.49e-16
1665  J1834-0426     0.290108  7.19e-17
1666  J1834-0602     0.487914  1.83e-15
1667  J1834-0633     0.317315  6.04e-16
1668  J1834-0731     0.512995  5.82e-14
1669  J1834-0742     0.788354  3.25e-14
1670  J1834-0812     0.491142  9.96e-15
1671  J1834-0845     2.482302  7.96e-12
1672  J1834-1202     0.610259  6.74e-18
1673  J1834-1710     0.358306  4.69e-17
1674  J1834-1855     1.465656  1.93e-15
1675  J1835-0114     0.005116  7.00e-21
1676  J1835-0349     0.841865  3.06e-15
1677  J1835-0522     1.087749  4.73e-16
1678  J1835-0600     2.221787  8.43e-15
1679  J1835-0643     0.305830  4.05e-14
1680  J1835-0847     0.846494  4.85e-16
1681  J1835-0924     0.859192  2.14e-14
1682  J1835-09242    0.235249  1.18e-17
1683  J1835-0928     0.621734  9.69e-16
1684  J1835-0944     0.145347  4.38e-15
1685  J1835-0946     0.379536  4.32e-17
1686  J1835-1020     0.302450  5.92e-15
1687  J1835-1106     0.165918  2.06e-14
1688  J1835-1548     0.670486  1.74e-15
1689  J1836-0436     0.354237  1.66e-15
1690  J1836-0517     0.457245  1.30e-15
1691  J1836-1008     0.562711  1.18e-14
1692  J1836-1324     0.178756  1.04e-15
1693  J1836-2354A    0.003354  2.32e-21
1694  J1836+5925     0.173264  1.50e-15
1695  J1837-0045     0.617037  1.68e-15
1696  J1837+0053     0.473513  3.77e-17
1697  J1837-0559     0.201064  3.31e-15
1698  J1837-0604     0.096294  4.52e-14
1699  J1837-0653     1.905809  7.72e-16
1700  J1837-0822     1.099196  1.21e-16
1701  J1837+1221     1.963532  6.20e-15
1702  J1837-1243     1.876019  3.65e-14
1703  J1837-1837     0.618358  5.50e-15
1704  J1838-0107     0.444426  5.46e-18
1705  J1838-0453     0.380866  1.16e-13
1706  J1838-0537     0.145708  4.72e-13
1707  J1838-0549     0.235311  3.34e-14
1708  J1838-0624     0.927178  7.74e-17
1709  J1838-0655     0.070498  4.92e-14
1710  J1838-1046     1.218354  3.08e-15
1711  J1838+1523     0.549161  2.03e-17
1712  J1838+1650     1.901967  2.68e-15
1713  J1838-1849     0.488242  4.00e-17
1714  J1839-0141     0.933266  5.94e-15
1715  J1839-0223     1.266790  4.76e-15
1716  J1839-0321     0.238782  1.25e-14
1717  J1839-0332     2.675682  4.76e-15
1718  J1839-0402     0.520940  7.69e-15
1719  J1839-0436     0.149461  8.10e-16
1720  J1839-0459     0.585319  3.31e-15
1721  J1839-0627     0.484914  1.32e-16
1722  J1839-0643     0.449548  3.64e-15
1723  J1839-0905     0.418975  2.60e-14
1724  J1839-1238     1.911428  4.95e-15
1725  J1840+0214     0.797478  8.29e-15
1726  J1840-0445     0.422316  1.13e-14
1727  J1840-0559     0.859368  9.60e-15
1728  J1840-0626     1.893353  2.30e-14
1729  J1840-0643     0.035578  9.54e-20
1730  J1840-0753     0.437869  1.00e-16
1731  J1840-0809     0.955673  2.35e-15
1732  J1840-0815     1.096441  2.43e-15
1733  J1840-0840     5.309377  2.37e-14
1734  J1840-1122     0.940962  6.41e-15
1735  J1840-1207     0.754470  3.20e-15
1736  J1840-1419     6.597563  6.35e-15
1737  J1840+5640     1.652862  1.49e-15
1738  J1841+0130     0.029773  8.17e-18
1739  J1841-0157     0.663321  1.81e-14
1740  J1841-0310     1.657656  3.35e-16
1741  J1841-0345     0.204068  5.79e-14
1742  J1841-0425     0.186149  6.39e-15
1743  J1841-0456    11.788978  4.09e-11
1744  J1841-0500     0.912916  3.48e-14
1745  J1841-0524     0.445749  2.34e-13
1746  J1841+0912     0.381319  1.09e-15
1747  J1841-1404     1.334557  6.41e-16
1748  J1841-7845     0.353603  1.60e-16
1749  J1842-0153     1.054228  6.72e-15
1750  J1842+0257     3.088256  2.96e-14
1751  J1842-0309     0.404920  4.52e-15
1752  J1842+0358     0.233326  8.11e-16
1753  J1842-0359     1.839945  5.08e-16
1754  J1842-0415     0.526682  2.19e-14
1755  J1842-0612     0.564475  2.20e-17
1756  J1842+0638     0.313016  7.60e-17
1757  J1842-0800     1.255469  1.94e-16
1758  J1842-0905     0.344646  1.05e-14
1759  J1842+1332     0.471604  2.29e-16
1760  J1843-0000     0.880334  7.77e-15
1761  J1843-0050     0.782598  2.49e-16
1762  J1843-0137     0.669872  2.47e-15
1763  J1843-0211     2.027524  1.44e-14
1764  J1843-0355     0.132314  1.04e-15
1765  J1843-0408     0.781934  2.39e-15
1766  J1843-0459     0.754963  8.54e-16
1767  J1843-0510     0.671614  3.89e-15
1768  J1843-0702     0.191615  2.14e-15
1769  J1843-0744     0.475393  1.33e-14
1770  J1843-0806     0.536414  1.74e-14
1771  J1843-1113     0.001846  9.55e-21
1772  J1843-1448     0.005471  6.21e-21
1773  J1843-1507     0.583550  7.20e-15
1774  J1843+2024     3.406539  1.04e-15
1775  J1844-0030     0.641098  6.08e-15
1776  J1844+0115     0.004186  1.07e-20
1777  J1844-0244     0.507722  1.67e-14
1778  J1844-0302     1.198630  7.81e-15
1779  J1844-0310     0.525049  1.02e-14
1780  J1844-0346     0.112855  1.55e-13
1781  J1844-0433     0.991027  3.91e-15
1782  J1844-0452     0.269443  6.80e-16
1783  J1844-0502     0.335163  6.18e-17
1784  J1844-0538     0.255704  9.71e-15
1785  J1844+1454     0.375463  1.87e-15
1786  J1845-0316     0.207636  8.86e-15
1787  J1845-0434     0.486751  1.13e-14
1788  J1845-0545     1.092348  1.34e-14
1789  J1845+0623     1.421654  5.46e-16
1790  J1845-0635     0.340528  4.49e-15
1791  J1845-0743     0.104695  3.67e-16
1792  J1845-0826     0.634354  9.35e-15
1793  J1845-1114     0.206220  2.01e-15
1794  J1845-1351     2.618918  9.72e-15
1795  J1846+0051     0.434373  1.12e-14
1796  J1846-0257     4.476723  1.61e-13
1797  J1846-0258     0.326571  7.11e-12
1798  J1846-0749     0.350110  1.26e-15
1799  J1846-07492    0.861380  5.19e-15
1800  J1846+0919     0.225551  9.93e-15
1801  J1846-7403     4.878839  6.06e-15
1802  J1847-0130     6.707046  1.27e-12
1803  J1847-0402     0.597809  5.17e-14
1804  J1847-0427     0.259247  5.90e-18
1805  J1847-0438     0.957991  1.09e-14
1806  J1847-0443     0.340832  2.83e-17
1807  J1847-0605     0.778164  4.65e-15
1808  J1848-0023     0.537624  1.61e-15
1809  J1848-0055     0.274557  1.35e-15
1810  J1848-0123     0.659432  5.25e-15
1811  J1848+0351     0.191443  6.73e-17
1812  J1848-0511     1.637129  8.86e-15
1813  J1848-0601     0.225004  2.87e-16
1814  J1848+0604     2.218603  3.74e-15
1815  J1848+0647     0.505957  8.75e-15
1816  J1848+0826     0.328665  2.72e-16
1817  J1848-1150     1.312218  1.43e-15
1818  J1848-1243     0.414383  4.41e-16
1819  J1848-1414     0.297770  1.41e-17
1820  J1848+1516     2.233770  1.68e-15
1821  J1848-1952     4.308190  2.33e-14
1822  J1849-0001     0.038523  1.42e-14
1823  J1849-0040     0.672481  1.11e-14
1824  J1849+0127     0.542155  2.80e-14
1825  J1849-0317     0.668408  2.20e-14
1826  J1849+0409     0.761194  2.16e-14
1827  J1849-0614     0.953384  5.39e-14
1828  J1849-0636     1.451319  4.62e-14
1829  J1849+2423     0.275641  1.53e-16
1830  J1849+2559     0.519263  1.80e-16
1831  J1850-0006     2.191498  4.32e-15
1832  J1850+0026     1.081844  3.59e-16
1833  J1850-0026     0.166634  3.91e-14
1834  J1850-0031     0.734185  1.26e-15
1835  J1850+0124     0.003560  1.09e-20
1836  J1850+0242     0.004480  1.63e-19
1837  J1850+0423     0.290716  9.14e-17
1838  J1850+1335     0.345582  1.49e-15
1839  J1851-0029     0.518721  4.74e-15
1840  J1851-0053     1.409065  8.74e-16
1841  J1851-0114     0.953182  2.48e-15
1842  J1851+0118     0.906977  1.37e-13
1843  J1851+0233     0.344018  2.18e-15
1844  J1851-0241     0.435194  7.96e-15
1845  J1851+0418     0.284697  1.09e-15
1846  J1851-0633     1.920302  2.40e-15
1847  J1851+1259     1.205303  1.15e-14
1848  J1852+0008     0.467894  5.68e-15
1849  J1852+0013     0.957751  1.40e-14
1850  J1852+0031     2.180195  9.70e-14
1851  J1852+0040     0.104913  8.68e-18
1852  J1852-0118     0.451473  1.76e-15
1853  J1852-0127     0.428979  5.15e-15
1854  J1852+0305     1.326149  1.02e-16
1855  J1852-0635     0.524157  1.46e-14
1856  J1852-2610     0.336337  8.77e-17
1857  J1853-0004     0.101437  5.57e-15
1858  J1853+0011     0.397889  3.35e-14
1859  J1853+0056     0.275578  2.14e-14
1860  J1853+0505     0.905137  1.28e-15
1861  J1853+0545     0.126400  6.12e-16
1862  J1853-0649     1.048132  1.55e-15
1863  J1853+0853     3.914658  5.13e-15
1864  J1853+1303     0.004092  8.72e-21
1865  J1854+0306     4.557820  1.45e-13
1866  J1854+0317     1.366450  1.85e-15
1867  J1854+0319     0.628541  5.51e-17
1868  J1854-0524     0.544021  1.20e-15
1869  J1854+1050     0.573197  6.39e-16
1870  J1854-1421     1.146595  4.16e-15
1871  J1854-1557     3.453121  4.52e-15
1872  J1855+0205     0.246817  6.47e-17
1873  J1855+0306     1.633565  6.97e-15
1874  J1855+0307     0.845348  1.81e-14
1875  J1855+0422     1.678106  9.29e-16
1876  J1855+0527     1.393484  2.67e-13
1877  J1855+0700     0.258685  7.52e-16
1878  J1855-0941     0.345401  2.40e-16
1879  J1855-1436     0.003594  1.09e-20
1880  J1856+0102     0.620217  1.22e-15
1881  J1856+0113     0.267440  2.08e-13
1882  J1856+0245     0.080907  6.21e-14
1883  J1856+0404     0.420252  3.71e-17
1884  J1856-0526     0.370483  1.70e-15
1885  J1856-3754     7.055203  2.98e-14
1886  J1857+0057     0.356929  5.46e-17
1887  J1857+0143     0.139760  3.12e-14
1888  J1857+0210     0.630983  1.40e-14
1889  J1857+0212     0.415823  4.03e-14
1890  J1857+0300     0.772678  2.65e-15
1891  J1857+0526     0.349951  6.93e-15
1892  J1857+0809     0.502924  4.74e-15
1893  J1857+0943     0.005362  1.78e-20
1894  J1857-1027     3.687219  1.05e-14
1895  J1858+0215     0.745828  4.61e-15
1896  J1858+0241     4.693233  2.43e-14
1897  J1858+0319     0.867444  1.03e-16
1898  J1858+0346     0.256844  2.04e-15
1899  J1858-0736     0.551059  5.06e-15
1900  J1858-2216     0.002384  3.80e-21
1901  J1859+0601     1.044313  2.55e-14
1902  J1859+0603     0.508561  1.59e-15
1903  J1859+1526     0.933972  3.93e-15
1904  J1859+7654     1.393729  5.05e-17
1905  J1900-0051     0.385194  1.42e-16
1906  J1900-0134     1.832332  3.05e-14
1907  J1900+0227     0.374262  5.71e-15
1908  J1900+0308     0.004909  5.90e-21
1909  J1900+0438     0.312314  3.23e-15
1910  J1900+0634     0.389869  5.13e-15
1911  J1900-0933     1.423889  2.26e-16
1912  J1900-2600     0.612209  2.05e-16
1913  J1900-7951     1.279193  1.86e-15
1914  J1901+0124     0.318817  3.24e-15
1915  J1901-0125     0.002790  3.58e-20
1916  J1901+0156     0.288219  2.36e-15
1917  J1901+0234     0.885240  2.30e-14
1918  J1901+0254     1.299693  4.56e-16
1919  J1901+0300     0.007797  4.57e-20
1920  J1901-0312     0.355725  2.29e-15
1921  J1901-0315     0.801693  2.57e-15
1922  J1901+0320     0.636584  5.23e-16
1923  J1901+0331     0.655450  7.46e-15
1924  J1901+0355     0.554756  1.27e-14
1925  J1901+0413     2.663080  1.32e-13
1926  J1901+0435     0.690576  8.67e-15
1927  J1901+0459     0.877044  1.57e-14
1928  J1901+0510     0.614757  3.11e-14
1929  J1901+0511     4.600369  2.53e-14
1930  J1901+0621     0.832002  1.80e-17
1931  J1901+0716     0.643999  2.29e-15
1932  J1901-0906     1.781928  1.64e-15
1933  J1901+1306     1.830857  1.31e-16
1934  J1901-1740     1.956858  8.23e-16
1935  J1902+0248     1.223777  2.41e-15
1936  J1902-0340     1.524672  2.00e-15
1937  J1902+0556     0.746577  1.29e-14
1938  J1902+0615     0.673505  7.71e-15
1939  J1902+0723     0.487813  2.10e-16
1940  J1902-1036     0.786814  7.54e-15
1941  J1902-5105     0.001742  9.20e-21
1942  J1903+0135     0.729307  4.03e-15
1943  J1903-0258     0.301459  6.79e-16
1944  J1903+0327     0.002150  1.88e-20
1945  J1903+0601     0.374117  1.92e-14
1946  J1903-0632     0.431889  3.38e-15
1947  J1903+0654     0.791232  1.06e-14
1948  J1903-0848     0.887325  1.33e-15
1949  J1903+0925     0.357155  3.69e-14
1950  J1903+2225     0.651185  4.45e-16
1951  J1903-7051     0.003598  1.04e-20
1952  J1904+0004     0.139525  1.18e-16
1953  J1904-0150     0.379387  8.90e-16
1954  J1904+0412     0.071095  1.10e-19
1955  J1904+0451     0.006092  5.72e-21
1956  J1904+0738     0.208958  4.11e-16
1957  J1904+0800     0.263345  1.73e-14
1958  J1904+1011     1.856570  2.76e-16
1959  J1904-1224     0.750808  7.42e-16
1960  J1904-1629     1.541412  3.19e-15
1961  J1905-0056     0.643183  3.06e-15
1962  J1905+0400     0.003784  4.91e-21
1963  J1905+0600     0.441210  1.11e-15
1964  J1905+0616     0.989706  1.35e-13
1965  J1905+0709     0.648040  4.94e-15
1966  J1905+0902     0.218253  3.50e-15
1967  J1906+0055     0.002790  3.32e-21
1968  J1906+0414     1.043362  1.15e-14
1969  J1906+0454     0.002083  2.98e-21
1970  J1906+0509     0.397590  5.22e-15
1971  J1906+0641     0.267275  2.14e-15
1972  J1906+0649     1.286564  1.52e-16
1973  J1906+0722     0.111524  3.59e-14
1974  J1906+0746     0.144073  2.03e-14
1975  J1906+0912     0.775345  1.32e-16
1976  J1906+1854     1.019093  2.05e-16
1977  J1907+0249     0.351879  1.14e-15
1978  J1907+0255     0.618761  2.23e-16
1979  J1907+0345     0.240153  8.22e-15
1980  J1907+0534     1.138403  3.15e-15
1981  J1907+0602     0.106633  8.68e-14
1982  J1907+0631     0.323648  4.52e-13
1983  J1907+0731     0.363676  1.84e-14
1984  J1907+0740     0.574698  6.71e-16
1985  J1907+0859     1.527042  5.54e-15
1986  J1907+0918     0.226107  9.43e-14
1987  J1907+0919     5.198346  9.20e-11
1988  J1907+1149     1.420160  1.60e-13
1989  J1907+1247     0.827097  1.95e-15
1990  J1907-1532     0.632235  3.08e-15
1991  J1907+4002     1.235757  5.41e-16
1992  J1908+0457     0.846793  9.80e-16
1993  J1908+0500     0.291021  2.59e-15
1994  J1908+0734     0.212353  8.25e-16
1995  J1908+0833     0.512111  1.99e-15
1996  J1908+0839     0.185397  2.39e-15
1997  J1908+0909     0.336555  3.49e-14
1998  J1908+0916     0.830270  9.80e-17
1999  J1908+2105     0.002564  1.38e-20
2000  J1908+2351     0.377578  1.70e-17
2001  J1909+0007     1.016948  5.52e-15
2002  J1909+0254     0.989831  5.53e-15
2003  J1909+0616     0.755993  2.06e-14
2004  J1909+0641     0.741762  3.22e-15
2005  J1909+0749     0.237161  1.52e-13
2006  J1909+0912     0.222949  3.58e-14
2007  J1909+1102     0.283642  2.64e-15
2008  J1909+1148     0.448945  7.25e-17
2009  J1909+1450     0.996108  2.19e-16
2010  J1909+1859     0.542451  9.70e-17
2011  J1909-3744     0.002947  1.40e-20
2012  J1910-0112     1.360603  1.78e-16
2013  J1910+0225     0.337855  2.62e-16
2014  J1910-0309     0.504606  2.19e-15
2015  J1910+0358     2.330263  4.47e-15
2016  J1910+0517     0.308048  7.30e-16
2017  J1910+0534     0.452867  1.92e-15
2018  J1910-0556     0.557609  5.96e-16
2019  J1910+0714     2.712423  6.12e-15
2020  J1910+0728     0.325415  8.31e-15
2021  J1910+1231     1.441742  8.23e-15
2022  J1910+1256     0.004984  9.68e-21
2023  J1910-5959A    0.003266  2.95e-21
2024  J1910-5959C    0.005277  2.16e-21
2025  J1910-5959D    0.009035  9.64e-19
2026  J1910-5959F    0.008485  7.41e-19
2027  J1911-1114     0.003626  1.39e-20
2028  J1911+1347     0.004626  1.69e-20
2029  J1911+1758     0.460406  1.31e-17
2030  J1912+1036     0.409349  1.58e-14
2031  J1912+2104     2.232969  1.02e-14
2032  J1912+2525     0.621976  2.25e-16
2033  J1913-0440     0.825936  4.07e-15
2034  J1913+0446     1.616130  2.79e-13
2035  J1913+0618     0.005027  9.61e-21
2036  J1913+0657     1.257181  2.83e-15
2037  J1913+0832     0.134409  4.57e-15
2038  J1913+0904     0.163246  1.76e-14
2039  J1913+0936     1.241965  4.32e-16
2040  J1913+1000     0.837148  1.67e-14
2041  J1913+1011     0.035909  3.37e-15
2042  J1913+1050     0.190067  1.95e-16
2043  J1913+1102     0.027285  1.61e-19
2044  J1913+1145     0.306069  5.02e-15
2045  J1913+1330     0.923391  8.68e-15
2046  J1913+1400     0.521473  8.04e-16
2047  J1913+3732     0.851079  1.38e-15
2048  J1914+0219     0.457527  1.02e-15
2049  J1914+0631     0.693811  3.32e-17
2050  J1914+0659     0.018512  3.10e-20
2051  J1914+1122     0.600997  6.56e-16
2052  J1915+0227     0.317306  2.99e-16
2053  J1915+0738     1.542704  3.31e-15
2054  J1915+0752     2.058314  1.39e-16
2055  J1915+0838     0.342777  1.57e-15
2056  J1915+1009     0.404552  1.53e-14
2057  J1915+1410     0.297494  4.89e-17
2058  J1915+1606     0.059030  8.62e-18
2059  J1915+1647     1.616231  4.05e-16
2060  J1916+0748     0.541752  1.07e-14
2061  J1916+0844     0.439995  2.90e-15
2062  J1916+0852     2.182746  1.31e-14
2063  J1916+0951     0.270254  2.52e-15
2064  J1916+1023     1.618339  6.81e-16
2065  J1916+1030     0.628970  3.40e-17
2066  J1916+1225     0.227387  2.35e-14
2067  J1916+1312     0.281845  3.66e-15
2068  J1916-2939     1.248617  1.24e-15
2069  J1916+3224     1.137450  3.47e-15
2070  J1917+0834     2.129665  1.75e-14
2071  J1917+1353     0.194631  7.20e-15
2072  J1917+1737     0.334725  3.24e-16
2073  J1917+2224     0.425897  2.86e-15
2074  J1918-0642     0.007646  2.57e-20
2075  J1918-1052     0.798693  8.65e-16
2076  J1918+1444     1.181023  2.12e-13
2077  J1918+1541     0.370883  2.54e-15
2078  J1919+0021     1.272260  7.67e-15
2079  J1919+0134     1.603984  5.89e-16
2080  J1919+1314     0.571400  3.79e-15
2081  J1919+1645     0.562790  2.16e-16
2082  J1919+1745     2.081343  1.71e-15
2083  J1919+2621     0.651512  5.46e-16
2084  J1920-0950     1.037824  3.93e-16
2085  J1920+1040     2.215802  6.48e-15
2086  J1920+1110     0.509886  1.56e-16
2087  J1920+2650     0.785522  3.44e-17
2088  J1921+0137     0.002496  1.94e-20
2089  J1921-0510     0.794254  6.02e-16
2090  J1921+0812     0.210648  5.36e-15
2091  J1921+1419     0.618183  5.60e-15
2092  J1921+1544     0.143576  9.80e-16
2093  J1921+1929     0.002646  3.82e-20
2094  J1921+1948     0.821035  8.96e-16
2095  J1921+2003     0.760681  5.00e-17
2096  J1921+2153     1.337302  1.35e-15
2097  J1922+1131     0.562074  2.57e-17
2098  J1922+1733     0.236171  1.34e-14
2099  J1922+2018     1.172763  6.49e-16
2100  J1922+2110     1.077924  8.18e-15
2101  J1923-0408     1.149269  6.80e-17
2102  J1923+1706     0.547209  4.30e-17
2103  J1923+2515     0.003788  9.56e-21
2104  J1923+4243     0.595193  2.53e-15
2105  J1924+1631     2.935186  3.64e-13
2106  J1924+1639     0.158043  2.56e-15
2107  J1924+2040     0.237790  2.09e-15
2108  J1925+1720     0.075659  1.05e-14
2109  J1926+0431     1.074080  2.46e-15
2110  J1926-0652     1.608816  3.91e-16
2111  J1926+0737     0.318062  3.75e-16
2112  J1926-1314     4.864284  3.64e-14
2113  J1926+1434     1.324922  2.19e-16
2114  J1926+1648     0.579823  1.80e-14
2115  J1926+1928     1.346012  1.43e-15
2116  J1926+2016     0.299072  3.50e-15
2117  J1927+0911     0.290305  6.35e-17
2118  J1927+1852     0.482766  1.16e-16
2119  J1927+1856     0.298313  2.24e-15
2120  J1927+2234     1.431066  7.71e-16
2121  J1928-0108     2.365714  2.80e-15
2122  J1928+1245     0.003022  1.68e-20
2123  J1928+1443     1.010739  2.10e-16
2124  J1928+1746     0.068730  1.32e-14
2125  J1928+1923     0.817330  6.35e-15
2126  J1929+1357     0.866927  3.66e-15
2127  J1929+1844     1.220470  2.36e-15
2128  J1929+1955     0.257832  2.56e-15
2129  J1929+2121     0.723599  2.14e-15
2130  J1929+3817     0.814215  6.10e-16
2131  J1930+1316     0.760032  3.66e-15
2132  J1930+1852     0.136855  7.51e-13
2133  J1930-1852     0.185520  1.80e-17
2134  J1930+2441     0.005767  8.65e-21
2135  J1931-0144     0.593661  2.93e-17
2136  J1931+1439     1.779226  6.33e-15
2137  J1931+1536     0.314355  5.01e-15
2138  J1931+1952     0.501123  1.01e-16
2139  J1932+1059     0.226519  1.16e-15
2140  J1932+1500     1.864332  4.59e-16
2141  J1932+1756     0.041831  4.32e-19
2142  J1932+1916     0.208215  9.32e-14
2143  J1932+2020     0.268217  4.22e-15
2144  J1932+2220     0.144470  5.76e-14
2145  J1932-3655     0.571421  2.86e-16
2146  J1933+0758     0.437454  2.18e-16
2147  J1933+1304     0.928324  3.18e-16
2148  J1933+1726     0.021507  4.90e-20
2149  J1933+2421     0.813690  8.11e-15
2150  J1933+5335     2.052574  1.26e-15
2151  J1933-6211     0.003543  3.87e-21
2152  J1934+2352     0.178432  1.31e-13
2153  J1934+5219     0.568442  8.40e-17
2154  J1935+1159     1.939758  9.48e-16
2155  J1935+1616     0.358738  6.00e-15
2156  J1935+1745     0.654408  3.78e-16
2157  J1935+2025     0.080118  6.08e-14
2158  J1936+1536     0.967338  4.04e-15
2159  J1937+1505     2.872774  5.61e-15
2160  J1937+1658     0.003958  1.32e-20
2161  J1937+2544     0.200980  6.43e-16
2162  J1937+2950     1.657429  3.48e-15
2163  J1938+0650     1.121562  5.68e-15
2164  J1938+2010     0.687082  3.40e-15
2165  J1938+2012     0.002634  7.50e-22
2166  J1938+2213     0.166116  4.24e-14
2167  J1938+6604     0.022259  1.95e-20
2168  J1939+2134     0.001558  1.05e-19
2169  J1939+2449     0.645302  1.83e-14
2170  J1940-0902     0.978468  1.88e-15
2171  J1940+2245     0.258912  1.27e-14
2172  J1940+2337     0.546824  7.68e-14
2173  J1941+0121     0.217317  1.91e-16
2174  J1941+1026     0.905394  9.96e-16
2175  J1941+1341     0.559084  1.24e-15
2176  J1941+2525     2.306153  1.61e-13
2177  J1941-2602     0.402858  9.56e-16
2178  J1941+4320     0.840906  1.15e-15
2179  J1942+1743     0.696262  1.01e-16
2180  J1942-2019     0.275133  1.23e-17
2181  J1942+8106     0.203558  3.69e-17
2182  J1943+0609     0.446226  4.66e-16
2183  J1943-1237     0.972429  1.66e-15
2184  J1943+2210     0.005084  8.79e-21
2185  J1944+0907     0.005185  1.73e-20
2186  J1944-1750     0.841158  9.86e-16
2187  J1944+1755     1.996899  7.30e-16
2188  J1944+2236     0.003618  7.46e-21
2189  J1945-0040     1.045632  5.35e-16
2190  J1945+1211     4.756796  3.78e-15
2191  J1945+1834     1.068708  2.42e-16
2192  J1946-1312     0.491865  1.99e-15
2193  J1946+1805     0.440618  2.41e-17
2194  J1946+2052     0.016960  9.20e-19
2195  J1946+2244     1.334450  8.89e-16
2196  J1946+2535     0.515167  5.64e-15
2197  J1946+2611     0.435060  2.20e-14
2198  J1946-2913     0.959448  1.49e-15
2199  J1946+3417     0.003170  3.16e-21
2200  J1947+0915     1.480744  4.78e-16
2201  J1947+1957     0.157509  5.23e-16
2202  J1948+2333     0.528352  1.36e-14
2203  J1948+2551     0.196627  9.02e-15
2204  J1948+3540     0.717311  7.06e-15
2205  J1949+2306     1.319373  1.23e-16
2206  J1949-2524     0.957617  3.27e-15
2207  J1949+3106     0.013138  9.39e-20
2208  J1949+3426     0.388539  2.02e-16
2209  J1950+2414     0.004305  1.88e-20
2210  J1951+1123     5.094083  3.03e-15
2211  J1952+1410     0.275026  1.28e-16
2212  J1952+2630     0.020732  4.27e-18
2213  J1952+3252     0.039531  5.84e-15
2214  J1953+1149     0.851890  2.86e-15
2215  J1953+2732     1.333965  1.77e-15
2216  J1954+1021     2.099440  1.73e-15
2217  J1954+2407     0.193405  1.06e-15
2218  J1954+2836     0.092709  2.12e-14
2219  J1954+2923     0.426677  1.71e-18
2220  J1954+3852     0.352933  6.60e-15
2221  J1954+4357     1.387041  2.20e-15
2222  J1955+2527     0.004873  9.12e-21
2223  J1955+2908     0.006133  2.97e-20
2224  J1955+5059     0.518938  1.37e-15
2225  J1955+6708     0.008565  1.26e-20
2226  J1956+0838     0.303911  2.20e-16
2227  J1957-0002     0.965096  8.05e-16
2228  J1957+2516     0.003962  2.74e-20
2229  J1957+2831     0.307683  3.11e-15
2230  J1957+5033     0.374806  7.08e-15
2231  J1958+2846     0.290389  2.12e-13
2232  J1959+2048     0.001607  1.69e-20
2233  J1959+3620     0.406081  3.60e-17
2234  J2001-0349     1.344724  1.12e-16
2235  J2001+4258     0.719166  1.73e-14
2236  J2002+1637     0.276497  2.25e-16
2237  J2002+3217     0.696761  1.05e-13
2238  J2002+4050     0.905067  1.74e-15
2239  J2004+2653     0.665879  5.67e-17
2240  J2004+3137     2.111265  7.46e-14
2241  J2004+3429     0.240953  2.07e-13
2242  J2005-0020     2.279661  2.57e-14
2243  J2005+3547     0.615034  2.81e-16
2244  J2005+3552     0.307943  2.99e-15
2245  J2006+0148     0.002164  3.30e-21
2246  J2006-0807     0.580871  4.60e-17
2247  J2006+3102     0.163695  2.49e-14
2248  J2007+0809     0.325724  1.37e-16
2249  J2007+0910     0.458735  3.32e-16
2250  J2007+2722     0.024497  9.61e-19
2251  J2007+3120     0.608205  1.56e-14
2252  J2008+2513     0.589196  5.40e-15
2253  J2009+3326     1.438369  1.47e-15
2254  J2010-1323     0.005223  4.83e-21
2255  J2010+2845     0.565369  9.07e-17
2256  J2010+3051     0.004816  4.87e-21
2257  J2010+3230     1.442448  3.62e-15
2258  J2011+3331     0.931733  1.79e-15
2259  J2012-2029     0.544002  5.48e-16
2260  J2013-0649     0.580187  6.01e-16
2261  J2013+3058     0.276028  1.52e-16
2262  J2013+3845     0.230194  8.85e-15
2263  J2015+2524     2.303299  5.10e-16
2264  J2016+1948     0.064940  4.01e-19
2265  J2017+0603     0.002896  7.99e-21
2266  J2017-1614     0.002314  2.45e-21
2267  J2017+2043     0.537143  9.96e-16
2268  J2017+3625     0.166749  1.36e-15
2269  J2017+5906     0.403478  2.22e-16
2270  J2018+2839     0.557953  1.48e-16
2271  J2018+3431     0.387664  1.84e-15
2272  J2019+2425     0.003935  7.02e-21
2273  J2021+3651     0.103741  9.57e-14
2274  J2021+4026     0.265318  5.47e-14
2275  J2022+2854     0.343402  1.89e-15
2276  J2022+3842     0.048579  8.61e-14
2277  J2022+5154     0.529197  3.06e-15
2278  J2023+5037     0.372619  2.51e-15
2279  J2027+2146     0.398173  2.03e-16
2280  J2027+4557     1.099651  3.09e-16
2281  J2027+7502     0.515219  8.89e-16
2282  J2028+3332     0.176707  4.86e-15
2283  J2029+3744     1.216805  1.23e-14
2284  J2030+2228     0.630513  8.85e-16
2285  J2030+3641     0.200129  6.50e-15
2286  J2030+4415     0.227070  6.48e-15
2287  J2032+4127     0.143246  1.13e-14
2288  J2033+0042     5.013400  9.69e-15
2289  J2033+1734     0.005949  1.11e-20
2290  J2033-1938     1.281719  4.55e-16
2291  J2034+3632     0.003650  1.72e-21
2292  J2036+2835     1.358727  2.09e-15
2293  J2036+6646     0.501927  9.40e-16
2294  J2037+1942     2.074377  2.04e-15
2295  J2037+3621     0.618715  4.50e-15
2296  J2038-3816     1.577289  4.16e-15
2297  J2038+5319     1.424568  9.44e-16
2298  J2039-3616     0.003270  8.43e-21
2299  J2039-5617     0.002651  1.42e-20
2300  J2040+1657     0.865606  5.95e-16
2301  J2042+0246     0.004534  1.40e-20
2302  J2043+1711     0.002380  5.24e-21
2303  J2043+2740     0.096131  1.27e-15
2304  J2044+4614     1.392715  6.30e-16
2305  J2045+0912     0.395555  1.95e-16
2306  J2045+3633     0.031682  5.88e-19
2307  J2046-0421     1.546938  1.47e-15
2308  J2046+1540     1.138286  1.82e-16
2309  J2046+5708     0.476735  1.11e-14
2310  J2047+5029     0.445945  4.18e-15
2311  J2048-1616     1.961572  1.10e-14
2312  J2048+2255     0.283901  1.52e-17
2313  J2050+1259     1.221020  5.04e-16
2314  J2051-0827     0.004509  1.27e-20
2315  J2051+1248     0.553167  1.90e-17
2316  J2052+1219     0.001985  6.70e-21
2317  J2053+1718     0.119268  2.86e-19
2318  J2053+4650     0.012586  1.72e-19
2319  J2053-7200     0.341336  1.98e-16
2320  J2055+15       0.002160  2.02e-20
2321  J2055+2209     0.815181  1.34e-15
2322  J2055+2539     0.319561  4.08e-15
2323  J2055+3630     0.221508  3.69e-16
2324  J2055+3829     0.002089  1.00e-21
2325  J2105+6223     2.304879  5.22e-15
2326  J2108-3429     1.423102  3.50e-15
2327  J2108+4441     0.414871  8.62e-17
2328  J2111+2106     3.953853  3.24e-15
2329  J2111+4606     0.157830  1.43e-13
2330  J2113+2754     1.202852  2.62e-15
2331  J2113+4644     1.014685  7.15e-16
2332  J2115+5448     0.002603  7.49e-20
2333  J2116+1414     0.440153  2.89e-16
2334  J2122+2426     0.541421  1.27e-16
2335  J2123+5434     0.138868  1.74e-19
2336  J2124+1407     0.694053  7.68e-16
2337  J2124-3358     0.004931  2.06e-20
2338  J2127-6648     0.325771  2.26e-16
2339  J2129+1210B    0.056133  9.54e-18
2340  J2129+1210C    0.030529  4.99e-18
2341  J2129+1210E    0.004651  1.78e-19
2342  J2129+1210F    0.004027  3.20e-20
2343  J2129+1210G    0.037660  2.00e-18
2344  J2129+1210H    0.006743  2.40e-20
2345  J2129-5721     0.003726  2.09e-20
2346  J2136-1606     1.227235  1.60e-17
2347  J2136-5046     0.267322  8.69e-17
2348  J2137+6428     1.750989  3.43e-15
2349  J2139+2242     1.083514  1.42e-15
2350  J2139+4716     0.282849  1.79e-15
2351  J2143+0654     9.428229  4.09e-14
2352  J2144-3933     8.509827  4.96e-16
2353  J2144-5237     0.005041  8.90e-21
2354  J2145-0750     0.016052  2.98e-20
2355  J2149+6329     0.380140  1.68e-16
2356  J2150+5247     0.332206  1.01e-14
2357  J2151+2315     0.593534  7.08e-16
2358  J2154-2812     1.343361  6.13e-16
2359  J2155+2813     1.609020  9.16e-16
2360  J2155-3118     1.030002  1.24e-15
2361  J2155-5641     1.373654  4.23e-15
2362  J2156+2618     0.498149  1.42e-17
2363  J2157+4017     1.525266  3.43e-15
2364  J2204+2700     0.084703  1.31e-19
2365  J2205+1444     0.938014  9.00e-16
2366  J2206+6151     0.322674  3.97e-16
2367  J2208+4056     0.636957  5.28e-15
2368  J2208+5500     0.933163  6.99e-15
2369  J2212+2933     1.004593  4.95e-16
2370  J2214+3000     0.003119  1.47e-20
2371  J2215+1538     0.374196  2.37e-15
2372  J2215+5135     0.002610  3.34e-20
2373  J2216+5759     0.419102  6.90e-14
2374  J2217+5733     1.056844  6.47e-16
2375  J2219+4754     0.538469  2.77e-15
2376  J2222-0137     0.032818  5.80e-20
2377  J2222+2923     0.281399  6.17e-18
2378  J2225+6535     0.682542  9.66e-15
2379  J2228+6447     1.892982  6.70e-16
2380  J2229+2643     0.002978  1.52e-21
2381  J2229+6114     0.051624  7.83e-14
2382  J2229+6205     0.443055  2.26e-15
2383  J2234+0611     0.003577  1.20e-20
2384  J2234+0944     0.003627  2.01e-20
2385  J2234+2114     1.358745  2.22e-16
2386  J2235+1506     0.059767  1.58e-19
2387  J2236-5527     0.006908  9.60e-21
2388  J2238+5903     0.162734  9.70e-14
2389  J2240+5832     0.139935  1.54e-14
2390  J2241-5236     0.002187  6.64e-21
2391  J2241+6941     0.855401  2.69e-15
2392  J2242+6950     1.664501  4.82e-15
2393  J2243+1518     0.596799  1.13e-16
2394  J2248-0101     0.477233  6.59e-16
2395  J2251-3711    12.122565  1.31e-14
2396  J2253+1516     0.792236  6.65e-17
2397  J2256-1024     0.002295  1.14e-20
2398  J2257+5909     0.368246  5.75e-15
2399  J2301+5852     6.979071  4.71e-13
2400  J2302+4442     0.005192  1.39e-20
2401  J2302+6028     1.206404  2.04e-15
2402  J2305+3100     1.575886  2.89e-15
2403  J2305+4707     1.066371  5.69e-16
2404  J2307+2225     0.535829  8.70e-18
2405  J2308+5547     0.475068  1.99e-16
2406  J2310-0555     0.002613  4.96e-21
2407  J2310+6706     1.944789  7.56e-17
2408  J2312+6931     0.813375  6.28e-16
2409  J2313+4253     0.349434  1.12e-16
2410  J2317+1439     0.003445  2.43e-21
2411  J2317+2149     1.444653  1.05e-15
2412  J2319+6411     0.216018  1.63e-16
2413  J2321+6024     2.256488  7.04e-15
2414  J2322+2057     0.004808  9.66e-21
2415  J2322-2650     0.003463  5.83e-22
2416  J2323+1241     3.759491  1.85e-15
2417  J2324-6054     2.347488  2.58e-15
2418  J2325-0530     0.868735  1.03e-15
2419  J2325+6316     1.436310  2.83e-15
2420  J2326+6113     0.233652  3.53e-16
2421  J2329+4743     0.728409  1.60e-17
2422  J2330-2005     1.643622  4.63e-15
2423  J2333+6145     0.756899  1.18e-15
2424  J2337+6151     0.495370  1.93e-13
2425  J2339-0533     0.002884  1.41e-20
2426  J2346-0609     1.181463  1.36e-15
2427  J2351+8533     1.011727  8.80e-16
2428  J2354+6155     0.944784  1.63e-14
2429  J2355+2246     1.840986  3.78e-15
