12.657542169632066
12.505133254819485
12.617196877358788
13.328995093608599
12.147618367023002
10.653345947056703
12.265307440873821
11.861303289562086
11.994283738143295
12.49788798535133
11.98396730097703
11.97662012765153
11.560638132681728
12.26401894187301
12.077018345656068
12.338754728350596
12.291608348786914
12.2942794941138
12.732897394435964
12.201559557739689
12.237792013716332
11.816265690599485
12.499829934534686
11.560804867281743
12.183766846223783
12.254654859881024
11.935349073072883
12.414716082576772
11.754071851987383
12.095025379073487
12.108623348500126
12.598415654892465
11.673605425071957
11.387445323038277
12.328628904277307
11.463725148539412
11.911740111065981
12.110033394480924
11.902609393383916
11.92460227899675
11.858716084344314
12.33451207246291
12.39103738785273
11.923818815526683
11.714369934273027
12.478964941673492
11.714254321925802
11.797830810933846
12.237688119855898
11.958912507292737
12.289070042262125
11.760224430581633
12.671357160816584
11.461418669463164
12.364660244212212
11.302213228042298
12.667999636887593
