AXP 1E 1841-045	G027.4+00.0	AXP	700000000000000.0	11.788978	4.09e-11	9.779483373251688	1425.0	4569.420908443967	750.0	2100.0
AXP 1E 2259+586	G109.1-01.0	AXP	59000000000000.0	6.979042725	4.84e-13	6.802792080116685	11400.0	228590.83326564197	8800.0	14000.0
AXS J1617-5055 	G332.4-00.4	PSR	3100000000000.0	0.069356847	1.35e-13	0.054040348862651584	3200.0	8144.489889382089	2000.0	4400.0
CXOU J171405.7-381031	G348.7+00.3	AXP	500000000000000.0	3.825352	6.4e-11	0.002	8725.0	947.5447844007609	650.0	16800.0
J0002+6216	G116.9+00.2	PSR	840000000000.0	0.1153635683	5.97e-15	0.11292769114657193	12800.0	306339.26422431326	7500.0	18100.0
J0007+7303	G119.5+10.2	PSR	10800000000000.0	0.3158731909	3.6e-13	0.08078092721502331	13000.0	13909.726225075743	13000.0	13000.0
J0205+6449	G130.7+03.1	PSR	3610000000000.0	0.06571592849	1.94e-13	0.03877993418058477	3500.0	5370.036452647269	0.0	7000.0
J0215+6218	G132.7+01.3	PSR	610000000000.0	0.5488798192	6.62e-16	0.5482739799251793	29000.0	13144001.172442991	25000.0	33000.0
J0534+2200	CRAB	PSR	3790000000000.0	0.033392412	4.21e-13	0.016321569105383432	957.0	1257.4016029112074	957.0	957.0
J0538+2817	G180.0-01.7	PSR	733000000000.0	0.1431582589	3.67e-15	0.13964253478839092	30000.0	618384.5905636025	26000.0	34000.0
J0630-2834	G276.5+19.0	PSR	3010000000000.0	1.244418596	7.12e-15	0.002	3500000.0	2770733.872806424	1000000.0	6000000.0
J0821-4300	G260.4-03.4	CCO	32700000000.0	0.1127994551	9.28e-18	0.11279834286795655	3800.0	192693622.3227757	2200.0	5400.0
J0835-4510 	G263.9-03.3	PSR	3380000000000.0	0.08932838502	1.25e-13	0.002	18000.0	11328.901080532656	9000.0	27000.0
J0855-4644	G266.2-01.2	PSR	694000000000.0	0.06468613083	7.26e-15	0.06382167814243513	3750.0	141248.182879408	2400.0	5100.0
J1016-5857	G284.3-01.8	PSR	2980000000000.0	0.1073864585	8.08e-14	0.07783642929252846	10000.0	21069.12377885696	10000.0	10000.0
J1105-6107	G290.1-00.8	PSR	1010000000000.0	0.06320213092	1.58e-14	0.05522354591711815	15000.0	63413.67895298717	10000.0	20000.0
J1119-6127	G292.2-00.5	PSR	41000000000000.0	0.4079629836	4.02e-12	0.002	5650.0	1608.8035709215494	4200.0	7100.0
J1124-5916	G292.0+01.8	PSR	10200000000000.0	0.1354768544	7.53e-13	0.002	2990.0	2852.189938196906	2930.0	3050.0
J1157-6224 	G296.8-00.3	PSR	1270000000000.0	0.4005257167	3.93e-15	0.3997192154117795	6500.0	1615645.8566286033	2000.0	11000.0
J1210-5226	G296.5+10.0	CCO	98300000000.0	0.4241307488	2.22e-17	0.42412479716024165	8500.0	302869192.84535015	7000.0	10000.0
J1322-6329	G306.3-00.9	PSR	5600000000000.0	2.764209421	1.11e-14	2.761091826321088	8900.0	3947810.332367878	2500.0	15300.0
J1400-6325	G310.6-01.6	PSR	1110000000000.0	0.0311816011	3.89e-14	0.02947878278975729	1350.0	12707.412426053832	700.0	2000.0
J1513-5908	G320.4-01.2	PSR	15400000000000.0	0.1515819434	1.53e-12	0.002	1900.0	1570.5955234767762	1900.0	1900.0
J1614-5048	G332.4+00.1	PSR	10800000000000.0	0.2316938362	4.95e-13	0.10826661100159837	5800.0	7420.233924533861	3000.0	8600.0
J1622-4950 	G333.9+00.0	HBRP	111000000000000.0	4.327020261	2.78e-12	4.055454890101942	3000.0	24674.732217396664	0.0	6000.0
J1632-4757	G336.4+00.2	PSR	1880000000000.0	0.228568673	1.51e-14	0.22375545441656183	10000.0	239965.09530628612	10000.0	10000.0
J1640-4631	G338.3-00.0	PSR	14400000000000.0	0.206443048	9.76e-13	0.002	4500.0	3353.194616256224	1000.0	8000.0
J1702-4128	G344.7-00.1	PSR	3120000000000.0	0.1821358029	5.23e-14	0.17455510530701243	4500.0	55207.991945643094	3000.0	6000.0
J1721-3532 	G351.7+00.8	PSR	2690000000000.0	0.2804238585	2.52e-14	0.2519553290553994	34000.0	176409.81123743096	0.0	68000.0
J1747-2809	G000.9+00.1	PSR	2880000000000.0	0.052152855	1.56e-13	0.04177107784301555	1900.0	5299.82836203112	1900.0	1900.0
J1747-2958	G359.1-00.5	PSR	2490000000000.0	0.09881397648	6.13e-14	0.050613484162322586	18850.0	25554.431121929116	17000.0	20700.0
J1801-2304	G006.4-00.1	PSR	6930000000000.0	0.4158270895	1.13e-13	0.26580643329155057	34500.0	58336.80640119865	33000.0	36000.0
J1803-2137	G008.7-00.1	PSR	4290000000000.0	0.1336669203	1.34e-13	0.002	21500.0	15813.480193357875	15000.0	28000.0
J1809-2332	G007.5-01.7 *	PSR	2270000000000.0	0.1467885481	3.44e-14	0.07497114562931162	50000.0	67645.98852877851	50000.0	50000.0
J1811-1925	G011.2-00.3	PSR	1710000000000.0	0.064667	4.4e-14	0.06197419011575706	1900.0	23299.057473914796	1400.0	2400.0
J1813-1749	G012.8-00.0	PSR	2410000000000.0	0.0447405597	1.27e-13	0.039643525872123955	1200.0	5584.7791955222465	1200.0	1200.0
J1833-0827	G023.3-00.3	PSR	895000000000.0	0.0852881514	9.18e-15	0.029216514274481485	130000.0	147283.5811771337	60000.0	200000.0
J1833-1034	G021.5-00.9	PSR	3580000000000.0	0.06188365001	2.02e-13	0.050087883705802964	1675.0	4856.605945145879	1550.0	1800.0
J1846-0258	G029.7-00.3	HBRP	48800000000000.0	0.3265712883	7.11e-12	0.002	1770.0	728.1430592456434	1690.0	1850.0
J1852+0040	G033.6+00.1	CCO	30500000000.0	0.1049126111	8.68e-18	0.10491109168103734	5550.0	191609168.48329526	4400.0	6700.0
J1853-0004	G032.8-00.1	PSR	761000000000.0	0.1014371027	5.57e-15	0.09897406206245492	13850.0	288702.1089175752	5700.0	22000.0
J1856+0113	G034.7-00.4	PSR	7550000000000.0	0.2674396099	2.08e-13	0.2050573643160912	8400.0	20383.122309582457	7900.0	8900.0
J1857+0143	G035.6-00.4	PSR	2110000000000.0	0.1397600645	3.12e-14	0.13747812485653535	2300.0	71012.8288965579	2300.0	2300.0
J1906+0722	G041.1-00.3	PSR	2020000000000.0	0.1115241365	3.59e-14	0.10769349803758221	3325.0	49247.33525805318	1350.0	5300.0
J1913+1011	G044.5-00.2 *	PSR	352000000000.0	0.0359086128	3.37e-15	0.01609081320403587	135000.0	168918.43243660257	70000.0	200000.0
J1930+1852	G053.4+00.0	PSR	10300000000000.0	0.136855047	7.51e-13	0.002	3500.0	2888.877966136042	2000.0	5000.0
J1932+1916 	G054.4-00.3	PSR	4460000000000.0	0.2082149039	9.32e-14	0.002	61000.0	35416.38383781342	61000.0	61000.0
J1952+3252	G069.0+02.7 *	PSR	486000000000.0	0.03953119285	5.84e-15	0.02624782050654111	60000.0	107308.81216828381	60000.0	60000.0
J1957+2831	G065.1+00.6	PSR	990000000000.0	0.3076828652	3.11e-15	0.29872440235589487	90000.0	1568379.790272955	40000.0	140000.0
J2021+4026	G078.2+02.1	PSR	3850000000000.0	0.2653176609	5.47e-14	0.24373714228592308	12000.0	76893.06081247919	8000.0	16000.0
J2047+5029	G089.0+04.7	PSR	1380000000000.0	0.4459445574	4.18e-15	0.44443907210052624	11400.0	1691269.8290012227	4800.0	18000.0
J2229+6114	G106.3+02.7	PSR	2030000000000.0	0.05162357393	7.83e-14	0.025257154767517633	7950.0	10451.884960693753	3900.0	12000.0
J2337+6151	G114.3+00.3	PSR	9910000000000.0	0.495369868	1.93e-13	0.44604232473710187	7700.0	40689.335033069285	7700.0	7700.0
SGR 0501+4516 	G160.9+02.6	SGR	190000000000000.0	5.7620695	5.94e-12	4.523629980325921	5900.0	15378.017919631744	2600.0	9200.0
SGR 1627-41	G337.0-00.1	SGR	220000000000000.0	2.594578	1.9e-11	0.002	5000.0	2164.8182758735775	5000.0	5000.0
SGR 1935+2154	G057.2+00.8	SGR	220000000000000.0	3.25	1.43e-11	0.002	55500.0	3602.928460252493	16000.0	95000.0
